Layer
15
H
20
Ux
70
Uy
50
n
302
m
1422
x
0.21
0.35
0.56
1.54
2.17
2.87
3.22
3.29
3.43
3.5
3.64
4.06
4.06
4.27
4.76
4.76
4.9
4.97
5.04
5.11
5.32
5.46
6.02
6.16
6.23
6.58
7.07
7.07
7.63
7.77
7.77
7.91
7.98
8.12
8.19
8.47
8.61
9.17
9.17
9.8
9.94
10.15
10.15
10.22
10.36
10.36
10.57
10.57
10.64
10.71
10.99
10.99
11.2
11.76
12.18
12.53
12.6
12.74
13.02
13.79
14
14.63
14.77
14.98
15.05
15.26
15.47
15.61
15.89
16.59
16.66
16.8
16.94
17.29
17.29
17.99
18.13
18.27
18.41
18.9
19.6
19.6
19.67
19.74
19.81
19.95
20.16
20.16
20.16
20.23
20.3
20.3
20.37
20.37
21
21.98
22.05
22.12
22.26
22.47
22.61
22.89
23.52
23.59
23.94
24.78
24.78
25.41
25.69
26.04
26.04
26.53
27.09
27.37
27.65
28
28.07
28.42
28.98
29.19
29.26
29.68
30.24
30.66
30.66
30.87
31.29
32.2
32.48
32.97
33.04
33.25
33.6
34.09
34.23
34.58
34.72
35
35.14
35.14
36.12
36.19
36.4
36.47
36.61
36.68
36.82
36.82
37.38
37.59
37.66
37.8
38.01
38.57
39.06
39.06
39.13
39.9
40.39
40.39
40.6
40.67
40.74
40.81
41.02
41.3
41.58
41.65
41.79
42.42
43.05
43.54
43.61
43.96
44.03
44.24
44.31
44.31
44.45
44.59
44.73
44.94
45.29
45.64
45.71
45.92
46.27
46.34
46.69
46.76
47.04
47.04
47.39
47.88
48.23
48.3
48.37
48.51
48.51
48.86
49
49
49.07
49.07
49.21
49.21
49.21
49.35
49.49
49.84
49.84
50.12
50.26
50.4
50.61
50.68
50.82
50.82
51.8
51.87
51.87
52.29
52.85
52.99
52.99
53.13
53.48
53.55
54.32
54.67
54.74
54.88
54.95
54.95
55.44
55.51
55.79
56.77
56.84
56.91
56.91
57.12
57.4
57.54
57.89
58.38
58.73
59.08
59.22
59.36
59.5
59.64
59.71
60.13
60.55
60.69
61.04
61.67
61.81
62.58
62.65
62.86
62.93
63.07
63.07
63.28
63.28
63.35
63.49
63.63
63.84
63.84
63.91
63.98
64.33
64.54
64.61
64.61
64.68
64.68
65.17
65.24
65.38
65.45
65.45
65.66
66.22
66.43
66.57
66.78
66.85
66.85
66.92
66.99
67.13
67.27
68.11
68.6
68.81
68.81
69.16
69.58
y
39.1
46.85
43.2
42.4
37.6
36.55
33.3
30.85
29.8
29.5
29.1
28.45
25.5
22.15
15.75
11.4
8.4
7.55
7.45
6.6
2.35
48.75
43.3
38.7
38.05
37.85
29.65
29.45
25.7
25.3
23.25
19.6
17.9
17.3
10.15
9.9
9.85
9.6
9.5
7.55
1.8
46.55
39.1
37.8
37.25
35.6
33.2
31.2
30.65
28.6
26.35
24.8
24
15.15
13.45
11.25
8.5
7.9
3.65
2.5
2.25
47.35
45.7
41.75
36.35
28.1
26.75
23.6
19.6
18
17.85
16.9
13.2
13.1
10
8.5
6.65
6.6
6.1
5.5
3.05
42.95
41.55
36.2
34.85
33.35
33.2
32.4
30.2
28.85
23.45
22.65
19.05
17.3
15.9
15.15
12
9.35
8.05
7.45
2.6
47.1
46.8
46.45
43.15
39.95
38.55
37.4
36.5
34.8
32.4
30.85
30.65
29.95
26.95
12.95
12.6
11.35
9.25
7.9
0.5
49.45
48.35
47.7
47.65
45.8
44.8
44.35
40.3
39.55
38.8
33.9
33.4
31.05
27
25.5
18.75
15.85
8.15
2.6
2.5
49.55
47.9
47.2
34.2
33.3
30
29.95
21.75
19.85
18.75
16.6
15.95
15.25
12.4
12.3
11.5
7.4
6.2
4
1.3
48.15
45.9
44.8
39.85
39.5
33.8
32.75
28
27.5
24.55
21.15
20.65
19.9
12.15
9.25
7.05
5.8
4.1
2.95
0.65
49.25
46
45.85
41.6
40.8
40.7
31.85
27.5
19.3
17.1
15.8
14.7
13.6
11.95
11.65
9.95
9.9
4
3.85
1.55
45.1
43.05
42.95
42.9
41.35
39.95
37.75
37.15
34.15
31.8
31.7
30.15
28.15
27
23.8
20.35
19.75
17.3
9.9
1
47.95
43.75
39
36.75
34.65
33.9
30.65
30.1
29.3
28.4
27.35
25.4
15.95
12.9
9.1
8.65
8.25
6.15
1.15
0.05
48.1
47.9
46.6
46.05
45.75
40.4
37.25
36.2
30.4
28.85
25.15
24.75
22.25
20.4
15.85
13.55
9.6
5.65
2.6
1.65
49.1
48.05
46.55
43.45
42.45
37.7
37.25
36.45
36.2
28.45
24.85
23.25
17.3
13.25
12.3
3.6
3.15
1.75
1.5
0.05
49.55
43.2
42.55
37.5
33.9
31.55
29.3
27.7
24.9
21.5
18.6
18.4
15.2
13.6
12.2
10.15
8.9
4.6
1.25
0.55
24.35
end