Layer
15
H
10
Ux
70
Uy
50
n
152
m
682
x
0
0.07
0.63
0.63
1.12
1.68
2.31
2.94
4.06
4.41
4.48
4.55
4.9
6.16
6.16
8.26
8.82
9.1
11.06
11.41
12.04
12.11
12.32
12.6
13.23
13.3
13.51
13.72
14.56
14.91
15.33
16.31
17.29
17.29
18.13
18.83
19.18
20.16
20.72
20.93
23.1
23.24
23.8
24.01
24.01
24.29
24.85
25.2
25.55
25.55
25.69
26.11
26.67
27.44
29.96
31.01
31.22
31.22
31.29
31.64
31.71
31.99
32.62
33.11
34.37
34.37
34.37
34.44
34.58
35.42
35.91
36.05
36.26
36.33
36.47
36.54
36.89
37.45
38.85
39.2
39.48
39.55
40.25
40.39
40.6
40.88
42.35
42.49
42.91
43.12
43.33
43.4
43.89
44.1
44.17
44.8
46.13
46.41
46.83
47.04
47.39
49.35
49.91
49.98
50.05
50.89
51.87
51.87
52.85
53.13
53.34
53.41
53.41
53.62
53.97
55.02
55.09
56.14
56.35
56.49
57.05
57.33
57.4
57.54
57.96
58.03
58.24
58.52
58.73
58.87
59.43
59.5
59.64
60.2
61.11
61.46
61.95
62.16
64.12
64.75
64.89
65.03
65.24
65.66
66.08
66.15
66.71
66.92
67.62
68.04
68.53
69.72
y
4.25
46.5
34.8
34.3
28.5
28.1
24.1
20.65
18.5
10.45
6.3
43.55
38.6
37.25
37
35.4
16.25
14.5
12.35
10.6
6.2
49.85
46.65
32.8
21.85
21.3
21.05
14.2
12.4
5.75
1.15
48.8
43.6
39.8
37.1
37.05
31.6
30.5
26.25
17.25
14.4
49.65
49.05
47.95
45.55
37.05
30.35
9.2
6.8
1.85
1.85
49.45
48.7
46.2
22.15
17.25
14.65
13.7
6.6
6.05
3.4
49.7
46.2
41.75
38.7
35.85
25.7
12.35
7.9
3.05
1.25
40.65
36.45
31.8
21.35
20.4
12.1
12
5.55
1.7
1.35
49
42.85
37.2
35.85
35
14.2
7.5
6.85
6
4.85
49.25
41.5
38.45
23.9
15.55
14.05
12.85
8.45
7
6.2
47.45
35.55
35.55
32.65
30.35
26.6
11.15
9.2
4.35
3.65
48.5
38.05
33.95
25.4
22.8
22.75
21.7
17.85
8.85
3.35
47.95
27.85
23.95
23.4
19.55
18.4
15.3
11.25
10.5
0.55
46.05
45.1
41.4
35.1
31.95
24.15
19.3
18.3
14.1
4.35
46.9
42.75
31.4
29.5
25.25
21.1
18.5
11.2
8.1
4.55
15.9
end