Layer
5
H
20
Ux
70
Uy
50
n
102
m
462
x
2.1
2.52
2.73
3.01
3.29
3.78
3.78
4.9
5.04
6.09
7
7.56
7.77
8.68
8.89
9.03
10.22
10.5
10.85
10.99
11.13
11.62
12.6
13.79
13.93
14.21
14.49
15.26
15.47
15.61
16.66
17.01
17.64
17.85
17.99
18.41
18.48
19.67
20.09
20.09
20.37
21.35
21.84
25.27
26.32
28.14
28.35
31.15
32.48
32.55
32.9
33.04
34.93
35.35
35.56
35.98
37.52
38.64
38.99
39.48
40.11
40.32
40.81
41.37
42
42.49
42.84
44.38
44.38
44.38
45.29
45.85
46.62
46.76
47.39
47.39
48.72
49.84
50.19
50.47
50.47
51.38
53.2
53.48
54.46
54.67
57.33
58.45
58.66
60.41
60.48
61.39
61.74
61.95
62.58
62.93
63.84
65.31
67.76
67.97
68.6
69.37
y
37.5
44.5
43.3
43
41.35
39.45
36.05
32.25
28.35
27.2
26.25
24.75
24.45
23.35
19.1
13.55
11
7.2
6.8
4.45
1.1
42.65
41.55
41.15
33.95
32.9
25.9
24.2
21.6
19.65
17.75
14.6
13
12.35
11.95
11.65
8.15
5.05
4.75
4.2
2.2
49.6
48.4
45.35
44.2
40.1
40.05
38.4
34.75
33.3
31.3
30.85
27.75
27.25
25.15
17.2
9.35
5.15
4.65
2.55
1.9
45.75
44.7
44.55
41.85
34.5
32.05
30.7
28.7
28.55
27.15
20.65
18.2
16.25
16.05
14.6
10.9
8.85
4.35
1.1
0.25
48.45
45.2
42.7
41.55
40.45
40.4
38.35
37.5
37.05
35.75
32.8
30.7
29.5
25.05
22.6
16.7
14.3
8.6
5.1
1.05
7.45
end