Layer
10
H
15
Ux
70
Uy
50
n
152
m
697
x
0.63
0.77
1.26
1.54
2.03
2.94
3.22
3.36
3.92
4.55
4.97
5.53
5.53
6.65
8.68
8.96
9.03
10.08
10.22
10.36
11.06
11.55
11.83
11.97
12.25
13.58
14.56
14.84
15.33
15.54
15.68
15.89
16.24
16.52
17.5
17.78
17.85
18.76
18.97
19.39
19.6
19.74
20.65
21.07
21.21
21.49
22.4
22.54
23.17
23.52
23.66
24.36
24.57
24.64
25.76
26.11
26.53
27.86
28.14
28.28
29.12
29.19
29.75
30.66
30.66
31.78
32.48
32.55
32.62
32.69
32.76
33.18
34.02
34.23
34.51
34.58
35.21
35.28
35.28
35.35
36.33
37.31
37.52
37.66
39.34
39.48
39.48
39.69
39.9
40.11
41.58
42.49
43.33
43.68
44.24
44.66
45.15
45.85
46.76
48.09
48.93
48.93
49.28
49.56
50.12
51.03
51.59
51.59
51.66
52.29
52.36
52.5
53.06
53.2
53.48
53.62
53.69
54.32
55.3
56.21
56.84
57.05
57.19
57.33
57.4
57.54
58.45
58.45
58.66
59.29
59.29
59.5
59.64
60.83
61.18
61.74
62.02
62.09
62.44
62.58
64.75
65.31
65.31
65.87
66.5
66.64
67.55
68.32
68.39
68.67
69.16
69.3
y
35.4
46
39.65
36.8
28.25
27.45
27.1
22.9
21.8
21.45
18.85
17.95
10.55
4.95
3.4
0.15
38.25
34.45
31.85
24.6
20.15
18.1
17.3
16.25
13.6
10.15
8.65
5.2
4.95
4.8
0
44.7
43.25
42.05
40.2
39.25
36.95
34.2
30.8
23.45
19.3
17.25
17
15.8
8.65
1.95
45.15
44.65
31.4
29.35
24.8
23.65
20.8
16.35
15.45
12.2
11
10.6
8.75
4.7
3.6
48.55
47.25
43
42.65
38.3
35.65
29.75
28.95
27.95
22.6
16.8
12.1
11.2
10.45
5.8
42.65
39.55
36.5
36.5
34.85
33.2
29.6
28.6
24.5
22
16.4
8.2
3.1
2.75
0.15
40.95
40.65
31.9
28.6
27.15
26.75
22.7
20.15
15.4
12.5
12.35
8.2
5.45
1.85
1.4
49.95
49.6
48.8
46.1
41.95
39.75
38.3
31.8
31.55
22.55
21.8
16.7
11.95
4.65
3.1
47.35
46.95
44.8
41.55
39.65
35.75
25.95
25.85
17.35
17.25
11.4
11.35
5.15
2.9
1.8
45.75
40.1
36.5
35.85
32.35
30
24.35
19.6
18.9
14.4
10.5
10.35
3.3
2.3
0.6
31.75
end