Layer
10
H
15
Ux
70
Uy
50
n
152
m
697
x
0.21
1.26
1.4
2.24
2.94
2.94
3.99
4.13
4.2
4.41
4.48
4.9
5.25
5.53
5.6
6.51
7
8.05
8.4
9.31
9.73
9.94
10.5
10.64
10.85
10.92
11.06
11.06
11.55
12.18
12.32
12.67
12.67
13.44
14.42
14.63
15.19
15.47
15.75
16.94
17.01
17.15
17.15
17.15
17.43
18.55
18.97
19.18
19.25
19.53
20.02
20.44
20.58
21
21.28
21.77
22.19
22.89
23.94
24.22
24.22
24.71
24.99
25.2
25.76
27.79
28.35
29.05
29.61
29.89
29.96
29.96
30.1
30.45
31.01
31.29
31.36
31.64
31.99
31.99
32.13
32.34
32.9
32.9
32.9
34.93
34.93
35.07
35.35
35.42
37.24
37.38
38.99
39.34
41.02
41.65
42.07
42.21
42.56
43.47
43.89
45.5
45.85
45.92
47.25
47.32
47.39
47.53
48.3
48.3
48.65
48.86
49.49
49.91
51.1
51.94
55.23
56.14
56.84
57.75
57.96
58.31
58.59
58.94
59.08
59.15
59.29
59.43
59.71
59.92
60.2
60.69
60.76
60.97
61.6
62.44
62.51
63.07
63.91
64.19
64.19
64.26
65.17
66.78
66.85
67.34
68.46
69.3
69.44
69.51
69.65
69.93
y
19
49.25
49
48.7
46.95
42.3
25.55
18.4
15.75
15.3
14.75
13.65
4.85
3.85
2.15
0
49.55
47.65
43.4
35.3
30.1
28.2
27.25
27.2
27.1
24.55
20.3
9.4
3.95
3.25
1.2
45.35
42.8
34.95
32.5
32.15
27.95
27
26.85
20.85
20.15
13.55
10.75
9.35
8.55
2.1
47
46.65
41.9
41.45
39.4
35.75
35.05
32.2
29.8
24.9
24.85
17.1
12.35
9.2
4.3
48.9
46.3
43.8
40.35
37.35
33.95
29.3
26.5
25.3
22
11.55
9.4
7.05
5.2
2.5
46.5
46.4
45.95
44.65
37.3
36.5
34.75
31.9
31.75
27.5
24.15
23.3
22.2
18.2
8.4
49
47.3
34.6
32.65
27.25
25.95
24.5
18.85
16.5
15.75
10.6
9.65
9.05
8.95
0.75
47.75
46.3
41.05
37.9
31.75
31.25
21.8
19.1
18.8
18.6
13.35
12.7
11.35
3.35
0.15
41.45
41.1
40.7
38.15
35.15
34.6
29.5
27.8
26.5
18.6
15.5
12.05
3.35
2.75
2.65
43.7
39.85
39.1
37.65
34.7
30.15
22.9
21.8
15.95
15.8
9.65
9.65
9.1
7.45
4.05
29.7
end