Layer
15
H
5
Ux
70
Uy
50
n
77
m
312
x
2.66
6.93
8.26
8.47
8.47
9.59
10.08
10.57
11.27
11.69
11.76
12.04
12.11
12.46
13.16
15.68
16.17
16.94
17.5
17.92
18.41
20.58
20.93
21.77
21.84
23.17
23.87
23.87
24.22
24.5
25.34
25.48
25.62
26.18
27.58
28.07
29.26
29.61
30.73
30.94
34.09
34.37
34.72
35.56
36.75
37.1
38.08
38.78
39.2
39.69
39.83
41.37
42.21
42.35
43.75
45.57
45.78
46.55
47.25
48.02
48.86
49.7
50.05
51.1
51.1
51.24
51.24
53.69
60.9
61.39
63.98
63.98
64.47
65.1
65.45
68.11
69.58
y
34.05
41.6
23.15
18.95
17.4
5.6
38.4
36.75
35.4
32.2
18.5
49.5
39
22.9
15.15
10.6
38.8
35.55
31.9
21.6
8
33.1
32.5
21.55
18.75
6.6
49.8
48.55
27.85
15.6
1.85
49.35
48.25
28.6
27.4
17.05
48.65
46.4
24.15
8.5
7.9
49.3
40.9
24.75
20.15
19.8
29.45
24.85
15.1
8.4
1.95
38.15
17.45
11.45
9.4
1.25
47.1
32.1
22.4
16.05
11.4
47.85
41.45
33
23.35
16.45
39.05
29.75
28.7
24.95
17.75
45.95
39.65
23.45
21.1
19.85
1
end