Layer
15
H
5
Ux
70
Uy
50
n
77
m
312
x
0.56
1.89
2.59
2.87
3.36
3.43
4.2
5.11
5.11
8.12
8.89
9.03
9.17
9.59
9.8
10.01
11.27
13.02
13.65
15.12
16.03
16.59
18.34
19.11
19.39
19.46
21.14
22.33
22.68
26.04
27.23
28.98
29.05
30.38
31.08
31.85
31.99
35.07
36.4
38.29
38.78
39.34
39.97
41.09
41.86
42.28
42.7
44.1
45.08
45.36
49.63
50.12
51.38
52.15
52.43
52.85
53.06
54.81
55.23
55.79
56.28
56.77
58.73
59.36
59.5
59.85
60.48
60.62
60.69
60.9
62.09
64.05
64.68
67.69
68.32
68.53
69.86
y
31.15
46
40.5
20.2
19.6
3.3
47.75
39.2
36.05
25.8
8.85
40.5
27.65
23.85
14.55
9.4
43.05
28.3
14.3
7.35
3.75
49.2
36.75
19.25
3.7
2.8
46.75
41.75
33.5
10.8
3.8
43.65
42.6
42.25
41.2
16.5
31.75
18.5
16.85
16.25
15.5
45.2
44
40.5
36.55
30.85
33.1
21.2
10.5
6.25
3
38.7
33.4
19.65
11.95
3.75
30.1
24.35
21.8
19.3
8.25
27.85
20.3
17.6
12
11.6
49.3
46.55
29.7
19.75
6.6
46.9
42.3
38.35
32.25
18.45
20.2
end