Layer
10
H
10
Ux
70
Uy
50
n
102
m
452
x
3.29
4.13
4.2
4.76
4.9
4.97
6.02
6.86
7.98
8.26
11.06
11.06
12.39
13.09
14.91
15.05
15.47
15.89
16.24
17.5
17.64
18.62
18.9
19.53
19.88
20.51
21
21.49
21.49
21.7
22.54
22.96
22.96
23.17
23.31
23.45
26.53
27.16
28.21
28.7
30.59
30.73
31.29
31.43
31.85
31.92
32.83
33.04
35.91
37.03
38.57
39.76
40.81
41.44
44.52
44.66
46.27
46.55
48.79
48.86
49.14
50.19
50.26
50.54
50.89
51.38
51.45
51.59
52.78
53.55
53.62
54.04
54.88
55.65
55.72
56.07
56.77
57.26
57.47
59.01
59.08
59.92
60.48
60.97
60.97
61.53
61.81
62.09
62.72
64.05
64.4
65.38
65.66
66.5
66.64
66.85
66.92
67.55
68.11
69.23
69.44
69.58
y
34.75
47.55
45.5
45.25
42.35
38.65
30.45
22.5
16.65
15.1
3.4
38.2
38.05
34.25
21.95
21.8
19.85
18.35
14.75
12.8
10.85
48.15
42.15
32.75
15.25
14.7
11.55
8.5
4.95
2.85
0.95
46.95
40.6
37
19.6
16
15.6
8.45
5.6
5.35
2.25
43.75
43.25
41.15
40.3
21.9
19.15
18.7
7.7
4.35
3.95
44.5
41.85
40.85
38.75
36.5
33.9
31.55
2.5
1.15
0.05
47.05
45.35
39.4
31.8
29.95
18.15
16.85
16
11.05
10.2
45.6
35.7
35.1
33.3
32.7
23.4
22.35
12.6
11.2
6.35
49.4
37.3
29.75
29.05
28.6
23.35
22.05
18.25
13.8
8.6
43.2
40.75
34.9
31.65
27.95
23.9
17.65
10.7
7.45
1.95
4.4
end