Layer
10
H
5
Ux
70
Uy
50
n
52
m
207
x
0.07
2.52
3.71
5.88
10.85
12.88
14.63
15.26
20.3
20.72
20.86
21.42
21.56
23.38
23.38
23.45
24.08
27.79
28.77
29.19
30.52
32.2
33.81
33.88
35.91
35.98
36.4
37.59
39.76
42.7
44.24
44.8
44.94
46.9
47.11
48.79
49.56
49.56
50.54
50.96
51.38
51.59
51.8
51.8
52.5
56.63
56.98
57.47
60.55
62.51
67.34
67.48
y
15.25
48.75
25.6
23.1
16.95
5.5
47.05
45.2
39.2
9.6
0.15
39.4
21.85
20.35
13.4
5.65
25.9
25.05
19.3
9.5
5.55
48.75
43.15
32.05
24.35
23.3
49.6
46.65
33.85
8.05
3.9
24.7
13.2
10.75
7.6
6.05
28
21.85
5.25
4.7
4.65
47.5
43.35
32.2
31.65
7.05
33.15
32.85
31.75
22.7
7.85
8.05
end