Layer
10
H
5
Ux
70
Uy
50
n
52
m
207
x
0.42
0.56
1.05
1.75
3.71
5.74
6.58
7.98
8.12
8.54
9.31
10.85
12.6
15.54
16.31
18.83
19.18
20.65
20.79
22.75
25.83
25.9
26.25
28.63
29.89
31.01
33.25
36.19
36.26
36.33
40.74
41.51
43.19
44.17
44.31
45.5
49.49
49.63
52.01
52.57
55.09
56.28
58.31
59.43
60.41
64.33
65.1
67.27
68.46
69.02
69.16
69.65
y
39.05
42.65
27.25
20.2
17.15
3.95
49.7
49.45
27.3
11.85
8.15
43.95
20.7
19.4
10.4
7.35
41.8
39.7
38.45
33.1
21.6
28.95
21.95
15.4
11.4
4.65
44.9
40.9
32.55
27.65
14.75
39.5
37.1
34.75
33.7
22.15
33.35
28.05
24.4
14.15
7
40.1
39.85
30
13.6
13.6
49.25
43.1
12.35
4.45
0
24.2
end