Layer
10
H
5
Ux
70
Uy
50
n
52
m
207
x
0.14
2.66
3.5
6.23
6.51
9.17
13.86
14
15.12
21.14
21.77
22.4
23.38
23.94
24.29
24.78
26.6
27.79
28.21
29.19
29.89
29.89
30.8
31.92
32.13
32.76
33.25
33.6
40.88
41.3
43.12
47.11
47.11
47.32
51.38
52.22
52.36
52.5
52.5
53.13
53.41
53.62
57.26
59.57
59.99
62.86
63.42
65.38
66.57
67.13
67.41
67.9
y
36
44.2
42.85
40.1
29.85
12.7
36.3
33.15
31.25
13.55
4.55
21.95
18.6
18.5
11.2
1.9
37.25
12.05
9.8
9.5
8.05
42.6
41.7
36.25
24
5.3
44.9
38.8
38.8
19.05
10.95
22.95
21.05
17.95
11.1
7.85
49.85
42.9
29.35
25.5
5.85
37.8
35.95
27
11.8
11.25
25.7
23.05
12.05
8.5
1.25
29.35
end