Layer
15
H
15
Ux
70
Uy
50
n
227
m
1052
x
0.28
0.56
1.54
1.82
1.89
2.1
2.1
2.52
2.52
2.66
2.8
2.87
3.08
3.29
3.78
3.78
3.92
4.69
5.04
5.18
5.32
5.39
6.72
6.72
7.14
7.21
7.28
7.91
8.12
8.12
8.12
8.4
9.03
10.15
10.36
10.64
10.71
11.13
11.41
11.48
12.32
12.67
12.95
13.23
13.23
13.3
13.79
13.86
14.35
14.98
15.19
15.4
15.75
16.1
16.24
16.38
16.52
16.59
16.73
17.01
17.36
17.43
17.5
17.64
17.78
18.41
18.48
18.48
18.69
19.32
19.39
19.74
20.09
20.86
21
21.14
21.77
22.12
22.82
22.82
23.17
23.66
24.15
24.5
25.13
25.2
25.69
27.09
27.37
27.37
27.44
28.07
28.49
28.56
28.7
28.7
28.91
29.54
29.68
29.75
29.89
29.96
30.31
30.38
30.45
30.45
30.45
30.87
30.94
31.5
31.57
31.99
32.48
32.55
32.83
33.04
33.32
33.81
33.88
34.02
34.79
35.77
35.91
36.4
36.54
36.54
36.82
37.1
37.59
38.15
38.36
39.06
39.76
39.83
40.11
40.46
40.6
40.88
42.07
42.42
42.63
42.91
45.36
46.2
46.34
46.76
47.53
47.67
47.81
47.81
49.07
49.42
49.7
50.05
50.12
50.4
50.47
50.54
51.1
51.17
51.24
51.66
51.66
52.22
52.5
52.57
52.57
53.06
53.27
53.34
53.41
54.46
54.53
55.09
55.16
55.23
55.37
55.51
56.14
56.42
56.7
56.77
56.84
56.98
57.12
57.26
57.33
57.4
58.24
58.66
58.73
58.73
58.73
58.73
59.36
60.69
61.18
61.25
61.6
61.81
62.02
62.09
62.3
63
63.49
63.77
64.12
64.19
64.33
64.54
64.75
65.03
65.1
65.52
65.52
65.8
66.71
66.99
67.41
67.41
67.76
68.32
68.39
68.81
68.95
69.58
69.79
y
24.75
49.25
48.35
44.25
41.15
38.35
35.55
32.25
26.8
23.9
17.65
13.8
8.2
7.3
3.7
2.2
40.8
40.35
38.95
35.45
33.5
27.75
26.6
23.6
20.55
14.35
11.6
8.85
6.05
4.05
2.2
48.9
48.85
47.9
43.35
43.25
37.75
36
31.95
25.35
24.9
14.2
7.55
7
1.05
0.65
42.3
38.95
36.5
34.2
32.35
26.55
20.8
11.65
10.95
10
9.6
8.5
8.35
7.75
0.15
48.7
45
40.1
39.05
38.9
34.95
33.1
30.45
23.2
18.25
14.8
14.65
9.6
7.8
2
47.2
47.2
46.7
46.4
44.3
44.3
36.85
31.65
28.7
24.5
23.75
12.75
10
9.1
6.45
46.1
45.95
45.2
41.7
38.35
31.7
28.85
28.4
25.1
20.55
16.65
9.35
9.1
5
3.65
45.85
39.3
36.5
31.95
22.15
17.35
15.45
10.4
5.65
5.35
4.15
3.5
0.8
0.55
0.4
49.4
47.5
46.85
40.7
33.2
25.05
23.55
23
13.45
11.75
10.95
9.4
9
8.55
1.85
48.55
47.6
44.7
42.1
41.6
40.3
37.8
37.65
24.4
20.85
19.45
16.15
13.2
4.2
2.75
48.35
48.1
45.85
45.5
39.95
34.85
26.95
25.3
22.1
11.85
11.2
7.45
4.5
4.35
2.2
49
44.7
40.5
39
34.25
33.35
32.6
29.1
23.7
22.9
22.85
10.2
6.6
2.5
2.35
49.2
44.8
43.45
37.25
35.75
34.5
30.7
27.55
26.85
24.3
21.65
19.2
16.25
13.35
4.9
45.25
41.95
35.8
32.05
30
29.95
29.55
27.65
25.9
25.3
24.5
19.55
6.85
4.4
2.15
47.7
44.35
43.6
37
35.2
34.45
29.85
23.55
21.45
19.2
15.1
6.7
5.85
4.95
2.05
3.8
end