Layer
10
H
10
Ux
70
Uy
50
n
102
m
452
x
0.77
1.12
2.45
3.64
3.64
6.02
6.37
7.42
7.63
7.77
7.77
8.19
8.68
8.96
9.03
9.31
9.8
10.15
10.29
11.13
11.2
11.27
11.9
13.09
13.16
14.28
15.61
17.29
17.78
18.06
18.13
20.44
21.84
21.98
22.47
22.96
24.08
24.08
24.85
25.76
25.83
26.25
26.53
26.67
27.23
28.84
29.4
31.43
32.62
33.18
33.25
33.88
34.93
36.19
36.68
38.22
38.85
39.76
40.11
40.18
41.79
42
43.12
43.47
43.68
44.73
44.8
45.85
46.41
47.11
48.09
48.72
49.49
52.29
53.41
54.18
54.95
54.95
57.19
57.33
57.68
57.89
58.45
58.8
58.94
59.29
59.99
61.11
61.53
61.74
63.28
63.35
65.45
66.22
66.5
66.92
67.2
67.9
68.6
68.95
69.09
69.23
y
37
44.45
39.1
36.4
33.45
30.35
27.5
26.95
9.1
7.95
7.7
49.5
44.85
40.6
39.55
31.45
26.65
13.4
12.2
9.1
5.55
41.25
35.2
27.9
23.85
20.1
16.25
12.3
9.95
5.85
3.75
47.3
43.7
40.7
38.35
35.5
31.1
25.45
15.85
15.3
9.7
48.75
39.8
28
17.7
15.35
14.2
13.65
13.25
11.3
3.8
38.5
33.55
33.4
23.85
15
13.6
8.45
4.65
1.6
0.4
46.3
45.05
31.3
24.35
23.95
22.8
18.7
15.55
6.2
6
48.05
47.55
43.9
42.4
42.3
28.3
26.5
17.35
13.2
4.65
33.1
31.45
22.6
21.8
20.1
16.55
12.4
8.95
5.95
3.9
38.45
37.55
37.05
17.25
13.25
13.1
8.45
6.45
6.1
3.55
7.8
end