Layer
5
H
20
Ux
70
Uy
50
n
102
m
462
x
1.89
1.89
2.38
2.45
3.5
3.78
3.85
4.2
4.48
5.11
6.65
7.07
9.52
9.73
10.57
10.64
11.9
11.97
13.51
13.65
13.72
13.79
15.19
17.01
17.5
17.71
17.85
18.55
19.04
22.82
24.22
25.27
25.55
25.76
26.88
27.09
29.05
29.26
29.61
29.68
30.03
30.38
30.73
32.2
32.34
32.83
32.83
33.6
33.74
33.74
33.88
35.7
36.4
36.96
36.96
37.38
38.57
38.78
38.92
39.76
40.11
40.95
42.07
42.84
43.68
44.94
45.85
45.85
45.92
49.42
49.7
49.98
50.33
50.47
50.61
50.68
51.8
52.57
54.6
55.93
56.98
57.26
57.54
58.17
58.45
58.73
59.29
60.48
61.67
63.28
65.17
65.66
65.8
65.87
67.48
67.55
68.04
68.11
68.53
68.74
69.02
69.72
y
37.75
46.1
43.1
41.25
38.3
36
35.55
34.5
33.6
21.3
21.2
21
20.45
20.35
17.7
14.25
11.65
10.6
8.45
8.45
1.2
48.5
46.55
44.95
43.5
40.45
40.1
39.9
39.75
39.1
35.85
30.95
30.15
16.45
12.7
11.9
9.4
5.45
4.35
4.2
3.05
49.35
49.2
48.15
46.4
44.6
42.65
42.25
37.8
32.55
32.5
31
29.25
23.85
22.1
21.05
18.75
16.4
8.85
8.5
5.05
48
45.65
45.65
44.5
43.9
43.45
41
40.15
36
33.7
31.7
26.35
22.35
12.8
10.9
10.6
8.2
4.4
3.95
1.45
49.15
42.7
40.9
39.25
37.3
36.2
33.5
31.75
30.95
30.7
29.85
25.65
23.15
23.15
12
11.95
6.3
4.15
2.4
1.7
13.7
end