Layer
10
H
10
Ux
70
Uy
50
n
102
m
452
x
1.33
1.61
1.68
2.38
3.08
3.15
5.46
5.74
6.58
9.1
9.38
9.66
10.15
10.85
12.53
14.14
14.14
14.35
14.56
16.17
16.52
17.78
18.13
18.97
20.51
21.07
22.12
22.12
22.19
22.54
23.52
23.73
24.78
25.27
25.27
25.9
26.6
27.37
27.79
28.14
28.28
28.84
30.03
31.08
31.29
31.92
33.53
33.6
34.02
36.89
38.08
38.78
39.69
39.76
40.32
41.16
41.23
41.3
44.03
44.1
44.17
44.94
45.92
45.99
47.18
47.53
48.86
51.03
51.31
52.22
52.78
53.62
53.69
53.69
54.11
54.25
54.81
55.3
56.07
56.21
56.77
56.91
57.19
57.68
57.89
58.17
59.08
59.5
60.97
61.81
62.09
62.23
63.35
63.98
64.12
66.22
67.13
67.97
68.6
68.67
69.44
69.79
y
30.85
49.9
47.25
35.7
33.65
24.4
13.8
12.4
10.7
9.95
5.7
49.8
39.05
29.15
26.55
16.7
14.3
8.4
7.65
7.6
5.25
43.35
37.4
35.4
34.9
34.75
33.85
14.4
11.2
6.8
2.5
46.6
44.25
43.8
41.75
27.95
21.5
15.95
10
9.35
2.85
49.5
49.5
47.7
43.8
28.45
14.45
13.95
11.8
5.65
1.1
27.75
24.2
18.9
15.6
15.15
13.35
12.95
12.5
11.55
9.1
44.45
44.2
44.05
39.2
38.05
36.1
17.8
15.3
9.5
0.6
45.5
39.8
33.65
29
21.7
20.75
12
4.4
2.1
1.2
49.95
31.1
28.1
25.7
23.95
22.4
15.8
12.6
11.8
8.5
48.25
46.9
37.55
30.75
30.5
25.95
19.55
7.9
6.95
1.25
1.85
end