Layer
5
H
20
Ux
70
Uy
50
n
102
m
462
x
1.33
2.1
2.17
2.31
3.22
3.29
4.06
4.13
4.48
4.76
6.72
7.49
7.91
8.61
9.31
9.31
11.2
11.48
11.62
11.9
11.97
12.18
13.72
13.72
14
14.28
14.56
16.87
19.04
19.25
19.25
19.25
19.32
20.93
21.14
21.56
22.12
22.4
22.75
25.2
26.11
26.6
28.49
32.41
32.62
33.11
33.25
33.32
33.88
33.95
33.95
34.51
36.61
36.68
36.82
36.89
38.01
40.53
41.16
41.93
42.28
43.54
43.68
43.68
44.24
44.52
45.85
47.46
47.53
47.6
47.74
48.79
48.86
51.24
52.08
52.71
54.18
55.37
56.35
56.56
57.05
57.89
58.73
59.5
59.85
59.92
60.06
60.13
60.48
62.02
63.07
63.14
63.49
63.84
64.89
67.2
67.34
67.41
68.04
68.39
68.53
69.86
y
0.55
49.55
45.9
43.2
39.85
39.45
39.4
33.45
32.95
32.4
29.1
28.15
26.2
24.1
8.6
7.5
6.35
3.6
2
1.3
0.8
39.5
38.2
38.1
37.95
37
36.15
35.7
35.7
34.45
32.4
31.05
25.6
23.75
19.65
17.35
16
13.7
9.1
7.05
3.05
47.15
46.15
42.85
42.8
36.7
28.9
25.35
24.15
23.7
20.35
19.85
18.75
16.2
13.75
13.2
11.1
10.9
9.25
7.4
2.45
49.7
48.35
43.5
42
32
29
28.5
22.3
20
19.95
18.05
17.55
14.8
12.4
9.9
2.2
2.05
1.8
1
0.95
46.05
45.3
42.25
38.9
38.8
37.9
37.2
31.05
29.8
27.15
26.15
19.2
16.85
16.65
12
11.15
8.75
7.6
5.7
4.4
10.35
end