Layer
5
H
10
Ux
70
Uy
50
n
52
m
222
x
3.71
3.85
6.23
6.93
7
7.42
8.96
9.17
9.24
12.53
13.58
14.42
15.89
17.99
18.41
20.09
22.47
26.32
26.46
28.63
30.17
34.51
34.58
35.07
35.77
35.84
36.05
38.71
39.41
41.16
43.26
45.08
46.62
46.83
47.46
48.09
50.19
51.52
52.64
53.76
54.95
56.21
58.59
58.87
60.27
62.65
65.03
67.48
68.39
68.67
68.95
69.58
y
13.4
41.25
38.4
36.55
31.65
31.6
18.9
18.65
14.9
13
6
47.1
46.95
40.7
22.7
22.15
18.2
18.15
11.1
3.35
0.9
48.4
47
45.8
45.35
44.8
38.05
37.05
26.25
22.6
15.85
44.25
36.9
35.15
31.35
31.25
27.35
24.8
9.85
5
2
44.8
44.1
41.05
38.35
20.35
18.5
9.05
8.75
6.95
0.1
38.05
end