Layer
10
H
20
Ux
70
Uy
50
n
202
m
942
x
0.07
0.84
2.38
2.73
3.01
3.01
3.15
3.5
3.99
4.48
5.25
5.39
5.81
5.81
5.88
6.23
7.28
7.63
7.63
8.12
8.19
8.19
8.54
8.61
9.17
9.73
9.87
10.29
11.13
11.48
12.25
12.32
12.81
13.86
13.93
14.7
15.54
15.75
16.17
16.59
16.66
16.66
17.08
17.64
17.64
18.13
18.76
18.9
19.74
19.88
19.95
19.95
21.07
21.63
21.91
22.89
23.17
23.24
23.24
24.15
24.64
24.92
25.13
25.34
25.48
25.62
25.69
25.83
25.83
25.9
25.9
26.46
27.23
27.58
28
28.49
29.05
29.19
29.33
29.47
29.75
30.1
30.17
30.17
30.38
30.59
30.66
30.8
31.57
31.85
31.99
32.34
32.48
32.97
33.25
33.53
33.95
34.23
34.3
35.42
35.49
35.56
36.19
36.68
36.82
37.87
38.22
38.57
38.64
38.85
39.27
39.34
39.76
40.04
40.18
40.53
41.16
41.37
41.79
42.28
43.26
44.87
44.94
44.94
45.22
45.29
45.29
45.5
45.92
46.27
46.41
46.97
47.6
48.51
48.86
49.49
49.56
49.7
49.84
49.98
50.33
50.68
50.96
51.03
51.45
51.73
51.94
52.15
52.92
53.27
53.34
53.41
53.69
53.83
53.9
54.25
54.46
54.95
55.09
55.3
55.58
56.21
56.35
56.35
56.42
56.77
56.84
57.05
57.26
57.61
57.68
57.82
58.1
58.8
58.94
59.43
59.64
60.69
60.83
61.04
61.53
62.44
63.35
63.77
64.12
64.75
65.38
65.8
65.94
66.15
66.43
67.13
67.41
67.55
67.76
67.83
67.83
68.04
68.81
68.95
69.3
69.93
y
37.7
48.75
48.3
46.5
43.6
37.7
37.55
34.95
34.45
27.15
26.85
24.5
23.25
20.1
19.6
19.35
18.7
16.5
13.05
3.7
3.65
48.15
46.5
39.4
28.3
27
26.8
26.8
24.35
22.95
22.4
19.45
19.15
18.9
18.3
12.55
12.5
6
4.65
2.35
1.8
48.4
44.5
43.4
43.15
42
41.8
37.1
36.7
34.6
33.4
33.2
31.65
31.2
24.35
20.05
15.85
14.45
14
8.4
3
49.2
46.25
43
41.75
41.65
40.35
39.2
35.45
29.75
24.45
24.1
22.55
22.55
20.7
14.7
12.85
11.15
8.45
7.4
3.1
48.75
46.6
45.8
42.25
39.15
37.95
35.1
31.9
30.35
23.25
23
22.35
22.1
20.8
20.75
17.25
15.85
5.9
5.35
0.05
48.1
46.15
44.65
42.25
40.05
33
31.95
31.15
30.15
30.15
27.35
22.1
20.4
17.15
14.9
7.15
1.9
1.6
0.85
0.45
40.85
40.45
40.2
37.75
36.65
36.05
32
27.8
25.7
23.2
20.7
19.9
19.7
16.35
15.35
12.7
9.85
9.3
3.25
0.75
48.7
48.35
44.5
44.1
33.95
33.55
31.1
29.8
28.7
24.85
20
19.05
17.15
13.85
10.3
10.2
9.25
5.55
4.95
1.8
48.15
45
41.65
41.5
39.25
36.05
35.55
35.15
32.15
31.55
30.35
27.2
24
23.2
20.5
18.15
6.55
5.6
3.15
2.85
49
44.45
39.6
37.5
34.4
30
23.7
22.85
22.85
18.15
15.1
14.45
13.4
12
11.1
7.45
5.85
4.35
3
1.5
42.25
end