Layer
15
H
15
Ux
70
Uy
50
n
227
m
1052
x
0.07
0.35
0.98
1.19
1.19
2.73
3.01
3.5
3.71
4.34
4.62
5.04
5.32
6.09
6.09
6.3
6.3
7.42
7.63
7.91
7.98
7.98
9.59
9.87
10.01
10.57
10.78
11.27
11.48
12.18
12.25
12.88
13.09
13.16
13.23
14.7
14.7
15.05
15.33
15.47
16.1
16.73
16.8
16.94
17.5
17.5
17.57
17.85
18.34
18.41
18.48
18.83
19.11
19.11
19.25
19.32
19.46
19.67
21.28
21.42
21.84
21.84
21.98
22.05
22.68
23.24
23.45
23.87
23.94
24.5
24.5
24.5
24.64
24.71
24.85
24.92
25.27
25.48
25.55
26.04
26.04
26.32
26.74
26.74
26.81
26.88
27.09
27.44
27.65
28
28.56
28.56
28.7
28.77
28.84
28.91
29.61
30.1
30.66
31.15
31.22
31.29
31.71
32.48
33.25
34.3
34.65
34.93
34.93
35.14
35.35
35.35
35.63
35.7
35.7
35.84
35.84
36.19
36.4
36.54
36.82
37.24
38.57
38.64
38.78
38.85
39.27
39.34
39.48
39.83
39.9
40.39
40.6
41.02
41.09
41.58
41.65
41.65
41.72
42.07
42.28
42.98
43.12
44.1
44.1
44.38
44.38
44.52
44.59
44.66
45.01
45.01
45.22
45.71
45.78
46.06
47.46
47.6
47.67
48.23
48.72
49.35
49.7
49.84
50.75
50.89
51.38
51.52
51.8
52.01
52.57
52.78
53.06
53.06
53.27
53.41
53.48
53.55
53.76
54.74
55.02
55.37
55.65
55.86
56
57.54
57.82
57.89
58.1
58.31
59.29
60.41
60.55
60.9
61.04
61.25
61.53
61.81
62.02
62.37
62.37
62.44
62.51
62.86
63.91
64.19
64.33
64.82
64.96
65.03
65.59
65.59
65.59
65.87
66.15
66.22
66.43
66.5
66.85
67.2
67.9
68.11
68.11
68.39
68.95
69.02
69.72
y
7.75
48.6
47.25
45.55
43
42.5
38.95
37.65
26.8
25.1
16.8
13.75
5.7
5.1
2.85
0.4
42.75
42.7
41.4
39.3
39.15
32.8
32.65
29
25.2
22.7
19.75
18.65
10.1
5.8
5.5
44.5
44.1
40.9
36.7
34.25
34.1
27.2
25.2
23.2
17.5
15.7
13
8.45
8.25
5.15
49.15
45.55
45.25
44.65
39.6
37.95
33.8
32.1
28.9
28.6
21.85
20.65
15.95
14.65
6.45
49.5
48.85
46.2
39.05
35.6
25
17.2
14.7
11.25
10.35
9.1
7.35
4.9
4.8
2.25
44.95
42.55
35.65
35.2
31.9
28.95
26.4
25.2
24.7
21.45
19.75
18.2
17.3
16.05
2.85
42.55
39.65
39.6
34.5
34.25
31.25
31.15
30.3
26.7
15.95
14.85
10.55
7.4
6
3.55
48.3
47.65
47.15
41.45
38.05
36.65
33.95
31.65
30.1
20.95
20.7
17.15
8.55
6.6
3.15
48.05
45.2
42.35
41.3
38.4
37.5
35.35
33.7
32.45
25.1
22.05
16.95
9.4
7.9
3
49.15
41.4
32.55
32.5
27.2
21.75
19.1
18.3
17.25
9.85
7.25
6.3
5.6
2.9
1.75
45.65
42.15
38.1
31.9
30.85
19.1
18.4
17.8
16
14.55
13.1
6.2
5.75
1.15
0.65
48.6
36.85
31.05
30
29.95
22.35
21.15
20.75
16.75
16.25
15.95
12.15
4.55
2
1.05
43.55
40.25
33.8
33.3
32.85
31.8
24.35
24.3
24
23.5
22.4
22.05
17
14.3
9.65
43.4
39.6
39.05
31.55
28.4
26.7
25.6
23.65
19.3
15.3
15.05
9.8
3.2
2.2
1.8
47.5
46.2
41.3
41.1
36.4
34.8
31.25
28.35
27.8
26.7
24.6
22.2
21.05
18.45
7.75
20.35
end