Layer
20
H
5
Ux
70
Uy
50
n
102
m
417
x
0.63
0.84
3.43
3.78
4.41
4.97
4.97
6.58
7.28
7.63
8.4
11.2
12.88
13.37
14.28
14.49
14.63
16.31
17.99
18.62
18.62
18.62
18.62
19.95
20.3
20.51
20.86
21.28
21.84
21.98
22.75
24.99
25.48
26.25
26.25
26.88
27.72
28.42
28.56
28.7
28.91
29.75
30.17
30.24
31.22
31.43
32.76
34.16
34.93
35.07
35.91
36.47
36.75
36.96
37.17
39.62
39.9
39.97
40.18
40.25
40.6
40.81
42.63
44.24
44.38
44.52
46.27
46.55
47.04
47.25
47.53
47.67
48.37
50.61
51.31
51.31
51.52
51.66
51.66
52.78
53.13
54.18
54.25
54.25
54.39
54.46
55.16
55.58
56.49
56.91
58.24
58.24
58.38
58.8
59.71
61.11
62.3
63.98
64.89
66.71
69.3
69.79
y
32.95
41.3
41.1
38.9
37.35
22.55
30.35
29.15
23.1
17.1
1.65
32.1
24.9
15.75
14.75
14.35
40.2
37.9
25.15
24.35
8.6
48.45
36.55
20.8
17.9
17.4
25
19.15
14.9
3.7
1.5
41.45
37.55
25.05
21.3
3.15
25.75
12.9
8.6
7.35
3
28.2
19.7
17.3
16.8
15.55
43.65
42.55
29.15
28.25
9.9
42.45
32.55
29.7
16.2
1.9
34.8
14.65
12.9
7.45
6.35
39.9
34.15
23.9
15.55
9.25
36
21.55
14.75
8.9
8.35
45.05
37.75
19.75
13.75
0.65
34.25
30.45
14.45
12.4
6.75
47.15
41.3
35.7
24.3
14.35
49.35
39.8
38.3
27.6
23.55
48.95
14.25
8.85
7.4
1.4
44.25
21.45
13
11.45
10.3
23.1
end