Layer
5
H
20
Ux
70
Uy
50
n
102
m
462
x
0.14
0.35
0.98
2.1
2.45
3.99
4.13
4.34
4.34
4.41
6.65
6.72
7.42
8.68
9.24
9.87
10.15
10.57
11.76
12.04
12.39
12.74
12.88
13.09
13.37
14
14.14
14.21
14.77
15.47
17.5
17.64
17.92
18.55
18.62
18.69
19.67
20.44
20.65
22.26
22.68
23.45
25.06
25.2
25.69
26.32
26.6
28.42
29.75
30.1
31.64
33.25
33.32
35.21
35.63
36.47
36.68
37.38
39.9
40.39
40.46
41.09
41.16
41.86
42
42.21
42.84
43.26
44.66
44.73
45.08
45.78
46.06
46.48
46.69
48.44
49
50.61
50.68
51.45
51.94
52.85
53.48
55.09
56.14
56.84
58.38
59.15
59.57
60.13
60.34
61.25
61.25
61.39
62.37
63.35
66.64
66.92
67.55
68.46
68.6
69.86
y
27.6
48.5
45.45
44
42.65
38.1
36.05
35.65
33.85
33.8
27.5
23.3
22.4
19.15
18.9
16.85
15.15
9.15
8.65
8.25
6.4
43.85
40.9
38
34.4
30.9
29.75
28.95
25.1
23.1
23.05
21.75
19.65
19.3
19.05
15.55
14.2
10.2
8.65
6.95
6.75
49.7
49.5
47.7
45.4
40.25
36.85
36.7
34.75
29.95
26.8
24.15
22.7
20.65
20.05
18.75
13.65
10.75
9.45
5.1
4.85
48.95
46.7
41.85
40.85
38.65
38.35
37.4
32.05
29.95
25.8
21.1
21
18.4
12.1
10.2
9.05
8.85
7.05
5.8
2.85
48.55
45.6
43.45
39.6
39.25
39.25
36.8
29.2
27.95
27.3
26.75
26.5
25.2
16.95
11.6
5.95
4.1
2.45
1.75
0.3
19.1
end