Layer
15
H
10
Ux
70
Uy
50
n
152
m
682
x
0.14
0.98
1.26
1.54
1.68
1.96
1.96
2.1
2.24
2.8
3.29
3.64
4.69
4.9
5.04
5.11
5.32
5.81
5.88
5.95
6.79
7
7.21
7.35
7.49
8.19
8.54
9.1
9.52
9.73
9.73
10.01
10.15
10.36
12.67
13.37
13.93
14.49
15.26
15.96
16.1
16.31
16.73
16.94
17.15
18.13
18.13
18.34
18.62
19.11
19.67
20.3
21.28
21.77
21.91
22.12
22.96
23.45
23.8
24.5
24.78
24.99
25.13
25.34
25.62
25.9
26.95
28.77
29.47
29.68
29.75
30.1
30.73
31.29
31.71
32.76
32.83
34.16
34.16
34.23
34.86
34.93
35.49
35.49
35.56
35.98
36.12
36.33
36.47
36.61
36.68
36.82
36.89
38.22
38.43
39.13
39.62
39.83
40.04
40.18
41.23
41.37
41.65
41.72
42.28
42.77
42.91
43.33
44.24
45.01
46.06
46.13
46.2
46.34
46.34
47.11
48.93
49
49
49.84
49.84
51.17
51.73
52.92
52.99
53.27
53.69
54.11
54.46
56.35
56.77
56.77
56.84
57.05
57.12
57.75
58.1
59.08
59.08
59.22
60.27
61.18
61.6
62.44
62.86
65.45
66.08
66.08
66.85
68.6
69.51
69.93
y
15.85
49.75
40.4
36.45
34.05
21.3
17.65
16.65
1.75
1
0
45.55
45.1
40.2
38.6
35.7
23.8
23
15.55
13.6
1.4
49.55
37.1
33.7
33.55
30.05
26.85
14.8
11.95
3.4
1.45
47.65
47.25
40.2
39.05
33.9
33.4
24.4
11.6
9.3
9.05
49.8
47.6
44.9
44.75
34.3
32.6
19.85
14.75
2.7
2.5
44.2
39.65
37.25
29.45
25.9
21.05
19.4
13.3
10.6
8.5
49.9
40.25
31.45
31.2
28.6
14.65
2.25
0.65
0.65
0.4
46.1
43.05
33
32.2
29.8
22.85
19.7
10.85
5.3
5.3
44.45
43.35
36.75
32.3
32
30.95
15.65
9.3
3.7
0.1
49.1
44.6
41.4
40.2
36.15
34.65
21
10.6
7.7
0.95
37.45
32
30.4
28.85
25.05
19.45
19.1
12.1
8.95
7.2
48.8
48.25
36.45
31.4
23.8
16.7
14.2
8.6
7.5
5.9
48.3
39.3
35.85
34.2
25
19.2
14.5
13.65
13.15
10.85
48.9
35.15
35.1
35
32.5
31.95
30.25
21.5
16.8
4.35
41.65
41.15
36.6
35.1
32.4
24.35
17.85
11.45
7.15
6.25
36.6
end