Layer
10
H
5
Ux
70
Uy
50
n
52
m
207
x
0.42
0.98
2.03
4.55
5.04
7.21
12.11
12.74
15.19
18.13
18.27
18.48
22.05
22.12
22.33
23.17
26.32
27.23
27.44
32.06
32.34
32.69
32.76
35.91
36.33
39.34
40.46
42.21
44.1
44.66
47.18
47.25
47.39
49
49.63
49.91
51.1
51.66
54.18
55.79
56.21
57.19
57.47
59.01
59.57
59.64
59.78
60.55
67.34
67.41
67.55
68.6
y
6.65
28.4
16.75
16.2
14.55
7.25
41.2
27.75
23.05
22.2
19.05
40.7
38.45
32.75
5.55
0.3
47.3
43.7
40.95
37.5
28.65
42.85
13.45
7.3
6.5
1.35
44.65
41.75
17.25
7.7
3.7
23.85
23.45
18.8
16.75
1.45
48.9
44.2
28.35
13.9
10.35
49.1
47.1
9.6
9.45
6.4
37.05
36.55
28.85
6.05
3.25
9.5
end