Layer
10
H
5
Ux
70
Uy
50
n
52
m
207
x
1.12
3.01
3.22
4.41
5.04
5.25
6.16
7.91
8.75
9.31
10.64
11.06
13.93
14.07
14.42
19.25
20.02
23.17
24.15
24.99
26.11
26.46
28.98
33.32
33.67
33.81
36.54
37.52
37.8
37.94
38.85
39.41
42.91
44.17
44.38
44.59
44.73
44.87
49.42
50.12
51.8
51.87
53.97
54.46
55.44
58.45
58.87
60.69
61.25
61.74
63.07
67.55
y
48.85
32.2
27.45
25.5
17.1
7.15
37.1
27.7
21.15
20.2
3.65
24.55
21.9
12.75
11.2
9.05
39.75
37.45
34.4
33.95
21.9
49.2
45.45
28.45
26
25.1
36.95
31.3
29.3
25.95
3.8
42.9
37.4
31.2
19.1
7.5
35.95
35.5
26.5
18.85
12.5
45.3
45
43.45
38.25
28.45
47.05
44.45
36.6
32.9
11.35
22.35
end