Layer
10
H
20
Ux
70
Uy
50
n
202
m
942
x
0.28
0.42
0.56
0.63
1.19
1.82
2.24
2.31
2.66
3.15
3.36
3.71
3.71
3.92
4.62
5.18
5.32
5.67
5.95
6.09
6.23
6.3
6.37
6.37
6.44
6.93
7
7.35
7.84
8.26
8.68
9.94
10.08
10.71
12.11
12.46
12.46
13.3
14.35
14.49
14.91
15.12
15.47
16.45
16.59
16.73
16.87
16.87
17.08
17.08
17.92
18.06
19.11
19.53
19.74
20.16
20.23
20.86
21
21.49
21.91
21.98
22.05
22.26
22.26
22.75
23.03
23.1
23.17
23.38
23.52
23.59
23.94
23.94
24.22
24.64
24.92
25.27
26.04
26.04
26.11
26.6
26.81
27.16
27.3
27.51
27.58
27.93
28.28
28.84
29.12
29.26
29.75
30.24
30.31
30.31
30.66
30.73
31.01
31.22
31.43
32.06
32.55
32.55
32.83
33.04
33.25
33.25
33.74
33.74
34.44
34.58
34.58
34.58
35.14
36.47
36.75
37.03
37.31
37.52
38.22
38.5
39.13
39.48
39.55
40.32
40.74
40.81
40.88
40.88
41.3
41.93
42
42.07
42.42
43.19
43.68
45.01
45.08
45.43
45.5
45.78
46.06
46.41
46.62
47.04
47.67
47.81
48.58
49
49.14
49.21
49.35
49.42
49.63
50.05
50.68
50.82
51.03
51.1
52.64
53.27
53.9
54.25
54.53
54.53
54.95
55.3
55.3
56.49
56.63
56.7
56.91
56.98
57.12
57.61
57.68
58.1
58.59
58.73
59.08
59.15
60.48
60.55
61.74
63.49
63.77
63.84
64.54
64.54
65.45
65.52
65.73
66.01
66.22
66.57
67.48
67.55
67.83
69.16
69.51
69.79
y
39.3
47.15
46
45.5
44.95
44.15
31.25
30.1
27.8
27.65
25.9
25.7
24.5
15.65
14.95
12.25
10.4
8.95
6
2.8
2.6
48.85
48.4
45.05
43.6
43.35
37.65
35.55
34.8
29.75
25.35
24.05
22.05
19.35
18.7
14.3
13.85
10.05
5.2
3.55
0.25
47.45
40.05
38.75
35.75
35.6
29.75
28.7
26.8
25.85
22.35
21.95
18.4
15.1
14.95
14.65
13.2
13.15
7.55
7.4
5.95
49.8
49.4
42.05
41.05
40.75
40.7
39.9
37.5
35.05
29.95
27.5
25.55
25
22
12.6
10.65
7.05
3.6
3.45
0.2
47.4
45.2
40.85
39.8
37.1
31.8
27.3
26.65
26
25.05
23.2
20.65
19.55
16.2
9.4
5.5
4.85
4.4
4
1.45
48.75
48.6
47.3
41.45
35.35
35.25
32.25
32
27.2
23.3
16.9
14.05
11.9
11.5
10.35
9.75
4.85
4.5
4.25
0.6
49.35
49.3
46.2
45.5
44.25
41.6
41.2
39.25
38.8
34.9
29
20.85
17.95
11.05
10.95
7.6
5.5
3.7
2.9
1.6
49.9
49.75
48.5
45.35
42.25
41.2
41.05
25.3
24.65
23.75
18.1
13.35
9.35
9.2
6.9
3.6
3.05
2.3
1.9
0.3
46.5
45.85
45.6
42.5
39.85
38.9
38.1
36.55
34.7
33.35
32.8
24.4
22.65
19.55
14.5
6.9
5.9
5
1
0.7
48.65
43.5
37.8
33.35
33.1
32.6
26
19
18.9
13.85
8.9
5.8
5.8
4.1
3.2
2.9
2.9
0.7
0.3
0.25
47.4
end