Layer
10
H
15
Ux
70
Uy
50
n
152
m
697
x
0
0.49
0.63
0.7
2.24
2.52
2.73
2.8
3.15
3.64
3.78
3.78
3.78
5.67
6.37
6.93
7.07
7.7
7.84
9.59
9.8
10.08
10.36
10.5
11.9
12.39
12.67
13.16
13.58
15.19
15.19
15.19
15.33
15.61
16.31
17.29
17.85
18.06
19.11
19.88
20.09
20.16
21
21.42
21.42
21.56
22.05
22.05
22.05
22.12
22.61
22.82
24.29
24.29
25.13
25.76
26.39
28.49
28.7
28.84
29.05
29.33
29.68
30.1
31.01
32.48
32.69
32.69
32.76
32.9
32.9
32.9
33.11
34.3
34.44
34.58
34.72
34.72
34.79
34.93
35.07
35.63
35.91
36.47
37.24
38.92
40.04
40.11
40.74
41.37
42.35
42.63
43.82
44.03
44.17
44.45
44.52
45.57
45.99
46.2
46.2
46.27
46.48
46.83
47.04
47.6
48.23
48.51
48.58
48.79
48.79
50.05
50.96
52.01
52.43
52.57
52.78
52.85
53.9
54.18
54.6
54.6
55.16
55.86
56.07
56.42
57.33
57.54
57.54
57.61
57.75
58.17
59.29
59.78
60.13
62.02
62.16
62.51
62.86
63.14
63.98
64.05
65.1
65.31
65.45
66.43
66.92
68.11
68.39
68.67
68.81
68.95
y
8.6
49.8
46.85
28.25
27.7
26.95
24.45
23.65
22.95
18.3
18.1
12.2
10.3
9.1
5.7
1.75
47.15
45.45
45.25
39.75
39.1
36.95
35.3
34.3
31.05
29.7
25.75
24.05
22.8
18.85
14.25
48.65
42.45
38.15
25.85
23.7
23.45
21.3
17
14.85
11.55
11.1
10.05
9.7
9.5
9.1
44.1
42.25
39.35
36.5
35.85
34.9
27.7
25.75
19.85
17.9
17.8
14.9
13.55
7.95
2
49.85
43.55
42.25
42.15
24.95
22.7
21.4
19.4
17.3
17.25
16.35
12.1
9.9
5.55
4.3
44.4
40.5
39.45
36.55
36.25
36.05
33
30.75
29.1
28.7
23.3
20.55
18.75
10.3
4.2
49.55
42.25
41.85
35.65
32.15
31.85
30.4
24.45
24.05
19.65
12.65
10.55
8.2
7.4
0
49.15
33.45
29.05
28.25
27.5
25.15
14.5
14.5
14.3
13.15
11.3
9.2
8.4
8
6.3
49.75
43.25
40.75
37.95
35.85
32.85
30.3
28.5
27.25
25.95
19.55
15.9
11.15
9.7
3.2
47.9
45.75
43.7
41.65
40.2
36.8
36.35
21.2
20.15
16.1
16.05
16
7.95
1.95
0.35
0.85
end