Layer
5
H
10
Ux
70
Uy
50
n
52
m
222
x
0.49
2.38
2.73
4.06
5.11
8.47
9.87
11.13
11.9
12.39
12.74
15.26
19.32
19.88
20.23
20.37
23.17
24.36
24.5
25.55
27.23
28.07
30.1
30.17
33.18
33.81
34.93
35.49
35.7
36.19
37.03
39.2
39.34
41.65
42.98
44.1
44.73
49.84
50.12
52.29
55.16
57.19
59.22
59.57
59.85
59.99
59.99
62.02
63.63
64.12
68.39
69.02
y
12.7
47.75
47.05
37.95
32.05
13.9
6.9
5.15
2.6
2.1
1.7
48.8
47
39.85
37.1
31.8
15.75
15.6
11.6
1.4
1.25
49.45
48.2
47.25
39.1
31.4
25.05
24.65
22.45
21.1
20.2
49.45
46.75
43.25
33.6
33.5
30.7
24.5
21.8
12.8
8.6
40.15
39.35
10.6
9.85
7
6.5
4.35
4.3
3.45
3.3
31.45
end