Layer
10
H
10
Ux
70
Uy
50
n
102
m
452
x
1.68
2.17
2.52
2.87
3.43
3.92
5.25
5.53
6.02
7.07
7.56
7.84
10.43
10.5
10.71
11.06
11.34
12.25
12.39
12.39
13.86
14.35
14.7
14.7
16.31
18.62
18.76
19.67
19.81
20.3
20.37
20.51
21.28
22.19
22.4
22.82
23.1
23.66
24.08
25.69
26.11
26.11
26.11
26.25
26.25
26.32
27.65
31.01
33.25
33.6
33.88
34.16
34.86
36.47
36.54
37.31
37.31
37.94
38.22
38.57
38.71
39.34
39.62
40.04
41.44
41.65
42.56
42.63
42.77
43.75
44.03
44.73
46.13
46.34
46.83
47.81
49.21
50.47
50.75
52.43
53.13
53.27
53.48
54.6
56.14
56.7
56.84
57.4
57.4
58.03
58.73
59.5
59.92
60.06
60.76
63.56
64.75
65.1
66.22
68.95
69.16
69.16
y
35.25
47.2
43.7
43.3
42.75
40.5
36.75
28.75
15.75
5.35
1.75
45.15
42.05
40.35
36.85
26.75
18.55
14.45
13.6
7.3
4.95
46.7
46.5
45.65
39.4
38.5
34.45
33.95
27.9
26.85
3.65
40.05
38.95
29.5
26.05
20.75
14.75
4.95
2.25
1.3
1.1
38.6
32.25
31.75
31.45
29.3
24.1
20.45
17.35
10.75
6.6
49.1
47.2
43.1
41.95
33.2
32.55
24
23.25
17.5
7.85
49.75
49.2
34.15
26.55
24.2
15.95
15.5
6.25
4.1
1.05
49.55
46.55
46
43.65
32.9
27.4
5.75
5.4
4.05
1.3
41.7
36.75
30.65
15.3
12.55
9.55
6.4
5.8
4.9
3.9
44.1
39.45
37.65
33
31.05
28.9
17.5
15.05
11.7
8.1
20.65
end