Layer
10
H
15
Ux
70
Uy
50
n
152
m
697
x
0.35
0.42
0.42
0.49
1.61
1.68
1.68
2.03
3.08
3.36
3.99
4.34
4.34
4.48
4.62
4.69
5.53
5.67
6.02
6.86
7
7.49
7.77
7.77
8.68
9.59
10.29
10.5
10.5
10.71
10.78
12.25
12.32
12.39
12.53
13.51
13.93
14.28
15.33
15.75
15.82
15.89
17.01
17.01
17.78
17.85
17.85
17.92
18.9
19.39
19.46
19.88
20.23
20.72
20.72
20.79
21.28
21.49
21.98
22.12
22.33
22.89
23.45
23.73
25.13
25.2
27.58
27.79
28.07
28.49
29.19
29.61
30.24
30.66
31.15
31.22
31.29
32.13
33.25
34.16
34.79
34.79
35.49
35.84
36.68
36.89
37.73
38.15
38.22
38.36
39.34
39.62
39.83
40.39
40.46
40.67
40.74
41.44
42.49
42.98
43.05
43.4
43.75
44.38
45.99
46.62
47.18
47.67
47.81
48.16
48.65
49.84
50.12
51.17
52.78
52.85
53.69
54.46
54.46
54.88
54.95
57.54
57.61
58.38
59.15
59.78
60.06
61.04
62.09
62.23
62.37
62.58
62.79
63.63
63.77
64.12
64.96
65.31
65.38
65.66
65.66
65.87
65.94
66.08
66.57
66.92
66.92
67.9
67.97
68.18
68.95
69.86
y
29.05
47.25
46.8
46.15
45.6
43.35
42.55
35.15
34.75
33.85
31.25
28.8
26.5
20.45
15.65
14.7
47.15
47.1
46.85
43.6
40.65
35.9
35.05
31.55
27.7
25.8
15.95
15.8
10.4
8.55
2.9
47.35
40.65
35.8
31.05
27.8
26
19.05
17.35
16.95
15.05
11.75
11.45
11.1
11
9.25
49.7
49.45
48.55
39.3
30
27.4
24.6
24.3
8
7.3
6.65
6.55
5
3.85
3.45
39.9
39.55
39.45
32.5
28.9
26.05
20.05
15.85
15.6
12.1
11.6
9.05
4.75
4.25
0.4
42.35
42.15
41.8
39.15
38
36.7
36
29.7
24.35
23.8
15.6
8.4
6
2.95
0.55
48.95
45.05
37.7
33.8
31.45
29.65
28.8
26.9
25.65
21.7
19.2
16.95
9.35
7.85
1.05
48.35
40.8
40.3
39.9
32.95
28.05
26.2
25.15
24.25
22.7
20.35
18.75
13.75
11.65
0.1
46
39.8
39.35
39.2
35.7
23.65
18.35
17.6
15.4
15
14.7
10.35
5.4
2.05
1.65
47.55
47.4
45.3
41.6
37.75
37.35
34.25
33.2
33.2
30.9
25.15
23.25
13.1
11.5
8.65
44.75
end