Layer
20
H
15
Ux
70
Uy
50
n
302
m
1407
x
0.07
0.21
0.28
0.63
0.77
0.91
0.98
1.33
1.4
1.54
1.96
2.73
2.8
3.08
3.57
4.69
4.9
5.18
5.25
5.25
6.23
6.23
6.51
6.93
7.07
7.21
7.21
7.49
7.63
7.98
7.98
8.4
9.1
9.45
9.94
9.94
10.08
10.15
10.22
10.36
10.36
10.64
10.78
11.13
11.27
11.69
11.9
12.04
12.18
12.18
12.25
12.25
12.46
12.53
13.02
13.09
13.44
13.93
14.14
14.42
14.77
14.84
15.05
15.12
15.19
15.33
15.68
15.75
15.89
15.89
16.1
16.38
16.59
17.08
17.08
17.22
17.29
17.71
18.48
18.48
18.55
18.69
18.76
18.76
18.76
19.11
19.18
19.18
19.39
19.46
20.58
20.86
21.28
21.63
22.19
22.82
22.89
22.96
23.17
23.31
23.52
23.8
23.87
23.94
24.43
24.43
24.64
24.78
25.06
25.27
25.48
25.62
25.76
25.76
25.9
26.6
26.67
26.81
26.88
26.95
27.09
27.37
27.79
27.79
28.07
28.14
28.63
29.19
29.54
29.68
29.82
29.82
30.03
30.17
30.94
31.15
31.71
31.99
32.06
32.2
32.41
32.62
32.76
32.83
32.97
33.04
33.11
33.67
33.88
34.37
34.51
34.58
34.72
34.72
34.79
35.21
35.35
35.7
36.05
36.05
36.33
36.33
36.4
36.82
36.89
36.96
37.03
37.17
37.17
37.52
37.52
38.01
38.85
39.06
39.55
39.83
39.9
40.32
40.88
41.02
41.09
41.16
41.23
41.93
42.35
42.42
43.05
43.4
43.47
43.61
43.75
44.03
44.38
44.59
44.66
45.01
45.22
45.36
45.5
45.64
46.06
46.2
46.83
46.83
47.11
47.18
47.46
47.6
47.74
47.81
47.81
47.88
48.02
48.02
48.09
48.23
48.37
49.14
49.21
50.12
50.12
50.26
50.4
50.47
50.54
50.75
50.82
50.89
51.52
51.59
51.8
52.01
52.71
53.27
53.41
53.48
53.55
53.76
53.76
53.97
54.11
54.11
54.39
54.39
54.46
55.16
55.3
55.51
56.49
57.26
57.54
57.68
58.03
58.66
58.73
58.73
59.01
59.01
59.08
59.57
60.13
60.27
60.48
60.55
60.62
60.83
60.97
61.18
61.32
61.6
61.88
62.02
62.02
62.37
62.86
63.84
64.19
64.26
64.33
64.89
64.96
65.52
65.52
65.8
65.94
66.15
66.36
66.43
67.06
67.2
67.27
67.97
67.97
68.18
68.53
68.53
69.02
69.09
69.37
69.65
69.72
69.86
y
49.9
45.8
42.55
36.45
36.1
31.9
24.25
22.15
18.7
16.2
9.1
8.05
4.95
2.45
2.25
1.35
45.8
44.5
42.85
39.05
33.05
30.35
30.35
29.45
29.3
22.25
21.85
16.25
11.1
5.5
2
47.05
46.65
42.85
38.4
34.6
34.35
33.8
27.55
26.5
23.4
15.1
14.95
13.45
4.25
2.4
39.65
39.15
37.75
36.3
34.8
33.45
27.2
21.85
16.65
14.9
12.5
9.65
9.6
7.25
2.25
49.05
48.25
42.3
41.2
31.85
24
23.7
22.45
16.6
16.15
16.1
10.85
9.7
6
4.2
43.8
40.65
40
37
33.65
31.8
29.05
28.9
23.05
18.65
15
11.65
9.4
8.6
3.6
47.75
43.1
42.9
41.25
39.45
24.65
20.55
17.8
16.2
14.3
12.6
12.15
10.95
5.8
4.9
45.05
42.1
34.7
32.2
28.85
27.5
27.1
22.85
15.05
12.25
12.1
6.8
5.75
5.25
1.7
49.3
48.6
46.6
44.95
40.15
30.75
29.75
29.15
25.75
22.6
21.95
20.95
15.95
9.45
9.35
46.75
44.1
39.55
33
30.8
30.6
28.05
26.9
24.65
24
19.95
16.35
13.25
3.55
0.6
48.8
44.5
41.05
40.95
39.45
38.65
36.45
28.2
21.9
10.55
7
6.15
6.05
4.75
3.9
48.15
44.85
40.35
37.8
26.85
25.45
20.85
18.75
17.4
17.05
17
12.35
10.15
9.8
2.1
44.5
42.7
42.25
41.5
34.3
33.75
33.25
28.7
27.6
24.65
23.6
21
18.4
10.2
2.25
49.65
40.8
39.75
38.55
34.75
27.65
26.45
24.9
21.6
16.9
16.9
15.55
12.95
6.25
2.05
42.75
35.85
35.25
32.8
28.4
25.7
24.05
23.75
18.75
18.1
15.3
13.5
10.15
4.15
3.45
48.5
46.5
45.5
40.7
39.6
34.15
27.1
25.4
24.4
22.3
18.2
17.05
12.25
8.65
2.75
49.1
38.95
31.2
23.7
23.15
20.6
16.4
13.15
11.35
10.7
9.35
8.15
5.45
5.4
3.65
49.25
41
35.2
32.65
32.3
32
27.05
23
22.5
19.25
18.95
18.35
9.55
3.5
2.85
48.25
48.2
44.85
44.4
43.4
40.45
37.7
32.85
32.25
31.35
26.75
23.15
16.7
13.95
7.9
46.5
46.2
39.8
32.6
29.75
23.75
21.6
19.25
16.95
7.85
5.4
4.15
4.05
2.7
1.9
44.8
end