Layer
15
H
10
Ux
70
Uy
50
n
152
m
682
x
0.49
0.63
0.63
2.52
3.01
3.57
5.81
6.09
6.37
7
7.14
7.28
7.56
7.98
8.05
8.12
9.17
9.38
9.59
9.94
10.36
10.64
10.64
11.48
12.18
13.44
13.79
14.28
14.49
15.68
16.8
17.64
18.13
18.13
18.34
19.25
19.53
19.6
20.16
21.07
21.21
22.26
24.01
24.29
24.57
25.76
26.67
27.02
27.3
28.07
28.35
28.49
28.84
28.98
29.33
29.4
31.01
31.22
31.29
31.36
31.57
31.78
31.78
32.48
32.48
32.62
32.62
32.69
33.04
33.11
33.25
33.32
33.95
34.16
34.23
35.35
36.26
37.03
38.08
39.06
39.69
40.11
40.53
40.6
42.21
42.49
42.91
43.19
43.47
43.54
43.82
45.64
46.13
46.27
46.41
46.69
47.53
47.74
47.81
48.44
49.14
49.84
49.91
49.91
50.75
51.31
51.87
52.36
52.43
52.5
52.99
53.06
53.97
54.39
54.53
54.67
54.74
54.95
55.3
55.44
55.58
57.19
57.4
57.61
57.68
58.1
58.24
58.45
58.52
58.52
58.87
59.01
60.83
61.46
61.81
61.81
62.72
62.72
62.86
63.35
63.84
64.47
64.61
64.75
66.64
66.71
67.27
67.48
67.55
68.6
68.95
69.44
y
17.45
41.75
34.8
34.65
32.35
21.4
20.65
8.55
2.9
2.5
2.1
32.85
29.55
28.9
27
26.65
22.65
19.85
15.55
12.75
1.85
41.05
39.6
35.5
35.25
34.6
29.95
27.5
26.8
23.45
11.7
42.85
39.5
36.65
34.55
25.6
18.25
17.85
16.85
12.2
1.25
42.85
41.05
40.15
34.15
20.3
14.05
10.65
7.95
5.65
1.4
43.9
39.65
31.85
21.2
14.45
13.55
10.9
7.45
6.2
0.7
48.35
42.9
38.5
16.55
15.05
13.75
9.1
8.75
4.9
3.3
47.05
44.3
37.35
36.3
31.55
30.4
24.9
13.95
7.5
1.1
47.2
38.75
35
30.75
28.25
26.15
25.85
15.7
13.35
8.5
49.05
48.9
32.95
25.65
24.35
14.25
12.4
11.95
9.9
5.4
49.1
40.5
39.3
38.7
33.85
33.7
29.3
7.6
4.55
1.25
49.7
49.15
36.05
34.4
28.15
21.75
20.2
7.8
5.55
2.65
45.1
41.85
41
39.9
39.2
37.1
25.8
15.35
12.85
3.35
41.75
40.95
34.35
34.1
27.25
13.45
12.65
8.2
7.9
1.85
36.5
35.25
34.05
33.85
33.05
31.4
27.6
22.3
13.45
11.2
27.55
end