Layer
10
H
10
Ux
70
Uy
50
n
102
m
452
x
1.68
2.03
2.66
2.66
2.73
3.57
3.64
4.27
5.25
5.32
6.3
6.93
8.54
9.03
9.03
9.1
9.38
10.43
10.5
11.27
11.69
13.86
14.42
14.77
14.98
14.98
15.75
16.52
17.01
18.27
18.55
18.97
19.95
20.3
20.93
21.63
22.75
22.82
22.82
23.94
24.08
24.5
24.71
25.76
27.65
27.79
28.14
28.63
30.38
31.5
31.78
32.9
33.18
33.32
33.39
35.98
37.31
37.31
39.2
39.69
39.83
39.83
39.97
40.25
40.74
41.16
43.26
44.94
45.36
45.43
45.85
46.34
47.04
47.18
47.39
47.53
48.51
48.65
49.91
50.33
51.38
51.45
52.29
53.48
54.74
56.91
57.61
57.96
58.17
59.99
60.97
61.53
62.37
62.86
62.86
63.42
63.7
68.46
68.6
68.81
69.09
69.3
y
18
43.2
40.65
40.35
30.2
26.45
19.45
16.25
12.3
9.05
8.2
39.15
38.85
38.8
19.45
14.6
13.75
13.3
5.4
4.1
1.25
37.65
34.5
29.25
26.35
25.55
19.3
15
14.1
6.15
3.6
48.75
31.25
30.15
21.45
18.65
15.8
14.5
12.3
2.05
1
45.8
41.1
36.1
36
25.75
25.15
24.95
23.35
14.8
13.4
48.4
47.25
46.05
44.65
41.25
40.45
36
33.8
29.2
0.45
44.7
44.65
41.5
36.2
22.2
18.6
14.2
7.25
6
5.15
48.55
43.8
41.1
31.6
24.75
18.55
17.8
5.8
2.55
1.7
44.3
38.5
30.85
29.1
27.45
20.7
15.7
13.65
9.4
5.75
45.7
45.65
37.9
18.1
17.7
14.8
14.3
14.2
10.85
0
40.5
end