Layer
5
H
15
Ux
70
Uy
50
n
77
m
342
x
0.14
1.12
4.55
5.32
6.3
6.44
6.58
6.72
6.86
8.4
10.36
10.64
14.49
15.54
16.24
17.92
18.06
18.13
19.53
19.74
19.81
19.95
21.07
21.91
22.12
22.61
23.73
24.64
25.06
26.6
27.37
27.72
28.42
33.6
34.16
34.86
36.33
37.45
38.43
39.2
39.27
39.76
40.18
41.72
43.05
44.03
47.18
47.32
49.91
52.43
52.57
52.85
53.06
54.67
55.3
55.37
55.51
56.21
58.8
59.5
60.9
61.32
61.67
61.81
61.95
62.16
62.58
62.58
64.19
65.73
65.8
66.36
67.27
67.48
68.6
68.88
69.02
y
0.15
45.5
44.6
38.15
29.85
29.35
27.3
26.7
24.75
18.8
14.9
12.1
11.15
6.3
1.85
0.85
45.65
42.2
38.55
34.1
31.25
28.8
23.65
21.05
20.9
13.75
11.45
5.3
3.9
2.9
0.75
39.9
38.9
35.3
35
30.4
29.4
24.9
19.75
19.5
17.4
16.45
13.4
8.85
1.45
0.7
41.9
40.2
40.15
33.45
29.15
26.25
24.95
24.2
21.3
13.35
11.75
8.4
5.25
2.4
1.4
49.3
49.05
47.6
46.7
39.5
33.95
28.25
23.35
20.9
20.85
18.9
16.2
13.6
4.6
2.8
28.45
end