Layer
5
H
15
Ux
70
Uy
50
n
77
m
342
x
0.42
2.17
2.52
6.72
8.05
8.89
8.96
9.1
9.52
11.48
11.83
11.9
13.65
15.12
15.26
15.61
17.29
17.85
18.48
18.62
18.76
19.53
20.09
21.21
23.17
23.8
24.5
24.5
25.62
30.24
31.43
31.57
35.28
35.35
35.63
35.84
36.33
36.68
36.96
37.03
39.27
40.18
40.18
40.25
41.65
43.75
45.22
45.43
46.48
48.09
48.37
48.65
50.96
51.87
53.48
54.53
54.53
56.35
57.47
57.96
58.17
58.59
58.66
58.73
59.15
59.36
60.83
61.18
61.32
63.63
63.84
64.05
64.47
64.61
68.18
69.09
69.3
y
25.3
46.85
46.4
41.45
41.35
34.95
32.15
32.1
28.35
26.2
25.2
22.65
21.6
16.4
7.05
1.6
48.75
47.65
46.75
45.75
44
41.25
31.85
24.95
17.1
8.8
5.05
4.7
3.3
0.5
0
48.35
47.2
46.35
41.85
40.6
38.6
36.7
31.35
17.25
15.05
14.25
11.85
10.9
5.15
4.45
46.8
28.35
25.9
25.25
24
21.95
20.6
15.2
13.6
11.35
10.1
5.95
4.55
1.85
1.15
44.45
42.65
40.8
40.65
32.6
31.75
28.95
26.5
22.75
18.1
11.1
8.5
7.95
5.15
3.65
34.7
end