Layer
5
H
15
Ux
70
Uy
50
n
77
m
342
x
1.33
2.31
4.62
9.38
12.11
13.44
15.54
15.68
17.01
17.15
19.25
19.53
19.81
20.65
21.07
22.05
23.87
24.08
24.22
25.34
27.09
27.23
27.79
28.21
28.28
30.73
31.01
31.08
31.92
33.11
34.86
36.26
36.96
37.31
37.94
39.41
39.69
40.67
40.95
41.37
42.21
43.89
44.8
46.27
49.63
50.05
50.19
50.89
51.31
51.31
52.85
53.48
54.04
54.11
55.51
55.58
55.86
57.96
57.96
58.17
58.45
58.59
60.2
60.76
61.74
62.65
62.86
63.07
63.14
63.35
64.26
65.52
66.57
66.92
67.83
68.67
69.3
y
37.9
47.65
47.2
44.55
41.6
33.75
29.4
23.05
22
14
12.85
8.1
6.75
6.65
5.45
1.55
49.8
48.3
45.8
43.9
41.9
41.3
36.65
35.8
35.6
34.2
28.35
28.1
25.4
5.95
1.75
44.6
31.35
26.95
22.4
18.1
17.75
15.9
13.2
13.1
12.75
11.05
10.6
9.9
7
5.2
46.55
42.6
37
33
32.6
30.3
22.9
21.1
20.3
19.8
13.25
12.15
9.3
3.8
1.2
46
40.05
37.75
36.7
35.7
34.85
34.7
21.05
17.9
15.85
13.8
6.55
5.3
2.5
1.2
34.15
end