Layer
20
H
10
Ux
70
Uy
50
n
202
m
912
x
0.07
0.63
1.26
1.33
1.75
1.75
2.31
2.45
2.66
3.36
3.78
4.27
4.27
4.41
5.32
5.46
5.53
5.6
5.67
5.74
6.37
6.58
6.65
6.79
7.84
8.47
8.75
9.03
9.1
9.1
9.38
9.66
9.87
10.29
10.64
11.2
11.69
12.81
13.02
13.23
15.54
15.54
15.75
16.52
16.59
17.29
17.85
18.97
19.04
19.25
19.67
20.37
20.58
20.86
21.14
21.21
21.42
21.77
22.26
22.33
22.61
23.24
23.24
23.38
23.73
24.08
24.15
25.55
25.83
26.25
26.6
27.16
27.58
27.58
27.72
27.93
28
28.21
28.49
28.56
29.33
29.33
29.68
29.89
30.87
30.87
31.22
32.62
32.69
32.76
32.83
32.83
32.83
32.97
33.32
34.58
34.65
34.65
35.49
35.49
35.56
35.63
36.68
36.96
38.01
38.08
38.64
39.34
39.76
39.9
40.04
40.18
40.32
40.95
41.37
41.44
41.51
41.72
42.98
43.68
43.82
43.96
45.08
45.15
45.71
45.99
46.69
46.97
47.04
47.74
48.02
48.44
48.51
48.86
49.14
49.28
49.56
49.7
49.84
49.84
50.54
50.68
51.52
51.8
51.87
52.08
52.15
52.43
53.34
53.69
53.83
54.53
55.02
55.16
55.3
55.37
55.37
55.51
55.58
55.58
56.14
56.28
56.7
56.77
56.91
57.47
58.24
58.45
59.08
59.5
59.78
60.69
61.04
61.11
61.25
61.74
62.44
63.21
63.28
63.28
63.63
63.7
63.84
64.4
64.4
65.1
65.17
65.31
65.52
65.73
65.73
65.8
65.87
66.43
67.13
67.2
67.27
67.41
67.48
68.11
68.46
69.44
y
15.65
47.5
42.8
39.25
33.05
30.15
27.6
20.35
14.1
13.45
3.1
47.3
40.6
29.2
26.1
11.9
6.6
2.45
2.4
0.85
0.35
49.65
49.1
40.65
39.75
33.45
21.85
18.35
18.3
8.3
7.7
44.3
44.25
41.6
37.6
19.8
16.3
16
3.85
3.3
0.9
44.7
43.05
40.2
33.85
29.4
20.6
20.1
14.55
9.25
4.35
41.8
41.1
31.45
29.4
22.5
12.65
12.6
12.4
3.25
0.2
48.45
47.7
42.55
36.5
36.3
33.1
28.8
15.15
10.9
7.8
48.85
46.6
45.55
44.15
44
34.5
24.95
21.35
19.95
4.05
49.9
48.35
44.8
40
36.9
15.1
13.65
13.3
11.1
1.7
45.85
45.2
44.75
40.9
34.85
27.15
25.55
19.6
6.3
4.9
39.7
29.85
25.7
17.15
11.6
10.15
6.95
6.95
4.95
2.45
48.05
42.45
27.45
23
18.4
17.1
16.6
10.35
6.2
5.95
47.9
46.75
44.55
41.25
37.5
36.45
32
20.1
18.05
17.15
43.4
37.65
36.65
25.35
25.1
16.9
14.65
9.05
3.3
2
45.85
45.45
45.2
29.5
27.1
20.3
16.45
12.3
4.1
1.9
48.05
40.35
37.25
35.45
33.95
33.7
28.7
15.9
15.25
1.5
45.9
45.35
44.85
34.3
27.3
23.3
18.7
16.9
6.75
6.05
46.85
45.85
39.9
35.3
30.6
28.35
26.1
11.3
4.7
1.25
48
35.3
32.95
29.7
29.3
20.8
11.55
3.3
3.1
0.8
46
42.95
37.45
36.7
36.35
33.55
23.5
23.15
8.6
1.6
2
end