Layer
5
H
10
Ux
70
Uy
50
n
52
m
222
x
0.07
0.42
0.49
0.98
1.96
2.52
4.76
5.18
5.46
5.46
6.09
6.09
8.19
13.16
13.65
15.33
17.43
19.25
20.51
21.28
22.33
22.75
23.94
28.21
32.2
32.27
32.48
34.23
35.07
36.4
36.96
38.15
41.79
42.98
43.54
45.08
45.08
45.22
47.18
47.25
48.65
52.43
52.64
54.67
58.24
58.59
62.65
65.94
66.01
66.43
68.88
69.44
y
30.05
48.8
38.25
34.95
30.65
18.3
16.1
11.75
10.15
9.2
6.95
42.6
38.65
36.15
35.2
21.7
13.85
13.7
8.95
6
3.25
42.7
38.25
35.15
34.1
27.7
18.05
16.75
13.35
10.85
8.5
49.6
45.15
44
34.95
29.75
27.05
12.8
11.5
6.2
5.5
36.15
36.05
29.9
25.25
22.8
19.2
18.95
14.7
9
8.05
48.9
end