Layer
15
H
20
Ux
70
Uy
50
n
302
m
1422
x
0
0.42
0.42
0.49
0.91
1.4
3.01
3.15
3.22
3.29
3.36
3.78
3.92
4.2
4.69
5.25
5.39
5.53
5.6
5.67
6.23
6.65
6.93
7.14
7.21
7.56
7.7
8.05
8.26
8.68
8.75
8.82
9.38
9.52
9.87
10.29
10.78
10.92
10.92
10.99
11.2
11.41
11.97
12.11
12.18
12.67
12.74
13.09
13.37
13.65
14
14.56
14.63
14.77
14.91
14.98
15.12
15.26
15.54
15.82
15.96
16.03
16.1
16.38
16.66
16.94
17.01
17.01
17.15
17.22
17.36
17.43
17.99
18.55
18.69
18.76
18.97
18.97
19.32
19.67
21.28
21.35
22.19
22.33
22.68
22.68
22.96
23.03
23.66
23.73
23.73
23.73
24.36
24.5
25.13
25.13
25.62
25.83
26.18
26.25
26.6
26.81
26.81
26.88
27.09
27.23
27.3
27.37
27.37
27.44
28.49
28.56
28.7
28.91
28.91
29.12
29.4
29.68
29.82
29.89
29.96
30.03
30.8
31.08
31.08
31.22
31.29
31.43
31.57
32.2
32.34
32.34
32.55
32.62
32.97
33.11
33.6
33.74
33.81
33.81
34.02
34.09
34.16
34.3
34.37
34.86
35.07
35.07
35.14
35.7
36.26
36.26
36.4
36.54
36.61
36.75
37.73
37.73
37.94
37.94
38.01
38.08
38.22
38.57
39.13
39.41
39.48
39.62
40.04
40.18
40.67
41.16
41.51
41.65
42
42.14
42.21
42.28
42.49
43.05
43.54
43.82
43.96
44.24
44.38
44.38
44.73
44.73
44.87
45.22
45.36
45.43
45.71
45.85
45.92
46.13
46.13
46.2
46.41
46.41
46.76
47.04
47.32
47.6
48.51
48.86
48.93
49.14
49.35
49.42
49.91
50.12
50.33
50.75
50.96
51.24
51.31
51.38
51.59
51.73
51.8
52.08
52.15
52.64
52.78
52.78
52.85
53.34
53.34
53.34
53.62
54.25
54.39
54.67
54.74
55.37
55.58
55.93
56.21
56.28
56.35
56.49
56.63
56.77
57.12
57.19
57.68
57.75
57.89
58.24
59.01
59.15
59.57
59.64
59.78
59.92
60.34
61.04
61.25
61.39
61.6
61.74
62.23
63.21
63.49
63.7
63.77
63.98
64.47
64.47
64.54
64.61
65.03
65.1
65.31
66.01
66.08
66.22
66.29
66.36
66.36
66.5
66.71
66.71
66.78
66.92
67.06
67.13
67.34
67.48
68.11
68.25
68.32
68.53
68.67
68.74
69.02
69.16
69.37
69.51
69.86
69.93
y
6.9
46.5
44
42.15
36.2
29
27.3
26
22.15
19.2
16.65
15.75
13.95
11.15
11
9.75
9.05
7.05
3.8
2.9
1.5
47.6
44.15
43.6
38.3
36.7
35.05
33.95
33.75
28.65
28.3
26.6
26.55
25.25
22.7
20.35
12.25
4.95
4.5
2.85
1.15
49.95
45.05
40.6
39.9
38.4
37.4
36.4
34.75
33.35
26.55
25.45
22.45
17.45
17
14.6
14.4
10.2
10.1
8.75
2.3
45.3
45.1
44.9
41.9
40.05
38.2
35.5
32.85
30.9
30.4
29.45
24.25
22.05
21.2
16.1
15.85
6.65
4.85
1.35
0.2
48.9
47.2
44.05
40.65
38.55
37.35
35.25
33.15
32.4
31.6
27
22.55
21.95
21.55
16.75
12.6
10.35
5.8
0.55
0.55
49.5
49.1
42.9
41.65
41.6
41.5
39.15
35.25
31.3
24.95
17.05
16.15
14.95
13.3
9.35
5.2
2.9
1.8
0.6
0.45
49.9
48.2
47.45
44.5
41.3
39.55
38.15
33.35
27.7
25.5
24.15
22.8
20.2
19.75
11.45
11.25
8.25
4.85
1.45
0.25
48.05
47.7
47.2
46.8
46.35
44.55
39.85
37.25
34.65
33.15
24.2
24.1
17.05
14.9
14.05
11.9
11
7.9
5.5
0.55
49.6
43.8
42.5
42.2
40.05
39.1
39
34.2
33.45
32.25
30.1
23.2
22.8
22.1
12.1
10.45
8.8
8.45
7.05
3.65
49.35
48.95
48.9
44.25
42.45
41.3
41.15
38
37.2
34.15
33.25
31.5
28.15
20.55
13.4
12.8
11
7.05
1.7
0.45
48.55
43.95
43.9
43.9
42.4
40.7
30.25
27.85
23.95
20.9
18.1
17.65
16.65
14.55
13.85
12.45
10.45
8.65
5.45
3.95
49.35
45.15
44.85
38.35
29.7
29.55
27.85
25.7
19.1
17.3
16.7
11.75
9.95
7.85
6.8
5.9
4.55
4.05
1.1
0.7
47.65
47.65
44.5
44.05
42.55
40.7
39.8
39.35
37.4
34.55
34.25
29.5
28.75
28.4
28
22.55
22.55
20.75
7.4
1.6
46.1
42.9
39.1
36.9
35.55
32.35
30.85
29.9
28.85
23.4
21.8
19.55
15.9
14.7
13.95
13.85
9.7
8.4
7.55
5.3
49.45
49.45
48.45
43.9
41.55
40.35
38.9
38.65
37
33.25
30
29.6
27.45
25.7
22.7
15.65
15.2
12.95
10.15
2.55
7.25
end