Layer
15
H
15
Ux
70
Uy
50
n
227
m
1052
x
0.14
0.77
0.98
1.47
1.61
2.17
2.66
3.22
3.36
3.78
3.78
4.27
4.62
4.69
4.9
4.97
4.97
5.25
5.81
5.95
6.16
6.37
6.44
6.44
6.86
7.07
7.42
7.56
7.84
8.4
8.4
10.57
10.64
11.06
11.2
13.37
13.44
13.51
13.58
13.65
13.93
14
14.14
14.7
14.77
16.1
16.17
16.38
17.43
17.57
17.71
18.2
19.6
19.67
19.81
19.88
19.88
20.02
20.44
20.72
21
21.35
21.56
22.12
22.4
22.61
23.73
23.8
23.87
23.94
24.71
25.06
25.2
25.62
26.04
27.3
27.37
27.65
27.79
27.79
29.12
29.33
29.4
29.61
30.03
30.24
30.8
31.29
31.85
32.13
32.13
32.48
33.04
33.32
33.67
34.37
34.44
34.51
34.93
35.35
35.42
35.49
35.7
35.84
35.91
36.19
36.33
36.33
36.68
36.82
37.66
37.66
37.8
37.87
38.15
38.29
38.57
38.92
38.92
39.13
39.48
39.62
39.9
39.97
40.11
40.74
40.81
40.88
41.16
41.58
42.63
42.7
43.75
44.03
44.31
44.45
44.52
45.22
45.43
45.5
46.06
47.11
47.6
48.37
48.58
48.72
48.72
49.07
49.14
49.21
50.05
50.19
50.26
50.4
50.4
50.4
50.89
51.31
51.73
51.73
51.87
51.94
52.01
52.22
52.43
52.64
52.64
52.71
53.69
53.83
54.32
54.39
54.95
55.37
56.21
56.35
57.33
57.54
57.61
57.82
57.82
57.89
57.89
57.96
58.24
58.31
58.73
58.73
58.87
58.94
59.01
59.22
60.62
60.97
61.32
61.46
61.46
61.74
62.51
62.51
63.14
63.28
63.49
63.7
63.7
64.12
64.19
64.68
64.82
65.17
65.31
65.52
65.66
65.73
66.15
66.64
66.78
67.06
67.34
67.9
68.11
68.39
68.46
68.95
69.02
69.16
69.3
y
25.75
45.55
44.8
43.3
42.25
39.1
38
33.45
26.75
24.95
23.3
14.25
7.8
7.1
6.15
0
49.95
46.7
42.35
35.35
32.9
32.35
30.75
29.3
28.95
25.2
22.45
18.2
16.85
10.25
6.4
45.45
42.05
41.6
40.85
40.2
36.05
35.85
29.95
27.75
25.25
22.85
18.1
15.75
7.45
3.1
49.2
48.1
47.9
45.7
44.8
40.15
39.15
34
32.05
20.65
19.45
15.45
13.35
7.9
4.4
44.05
38.6
28.05
23.05
21.5
21.25
15.6
15
14.9
12.4
11.4
5.2
3.55
1.85
0.85
43.95
39.05
36.75
35.05
32.4
24.9
23.65
20.9
15.6
14.5
14.3
13.5
12
9.45
3.5
48.75
48.5
48.4
45.45
45.35
34
28.9
27.8
23.3
22.75
16.55
14
7.95
6.5
2.85
49.75
48.65
45.3
44.1
39.2
37.15
34.7
31.75
30.9
25.75
24.7
9.05
2.2
0.8
0.65
48.05
40.95
35.95
34.9
34.55
30
29.85
27.95
24.5
20.6
9.2
6.5
6.2
5.7
2.8
48.85
48.4
46.2
46.15
40.75
38.65
34.95
26
22.2
20.8
14.15
10.3
9
8.15
4.95
46.8
43.85
40.4
33.4
33.3
20.5
20
18.15
17.6
17.2
10.15
9.1
7.05
4.6
2.05
49.1
43.7
37.2
36.1
34.15
32.05
29.3
22.55
20.25
20.05
19.7
9.45
7.6
7.3
3.35
46.1
44.55
42.95
37.55
33.3
30.55
30.5
28.8
24.4
23.8
21.4
19.6
19.45
11.55
9.95
48.65
39.2
36.05
28.95
27.9
25.65
18.1
14.9
10.55
9.05
4.95
4.3
3.8
1.05
0
49.45
48.85
48.55
45.7
42.45
37.1
36.95
32.95
28.4
27.3
20.35
18.35
15.25
6.45
6.35
4.65
end