Layer
20
H
5
Ux
70
Uy
50
n
102
m
417
x
1.54
1.82
1.89
1.89
2.17
4.13
4.34
4.41
4.9
5.46
6.37
6.37
6.79
6.86
8.75
9.24
10.08
10.22
10.57
11.62
12.04
12.25
12.74
13.23
13.51
14.56
16.45
18.06
18.27
18.76
19.32
19.88
19.95
20.02
20.79
22.12
22.47
23.1
23.8
24.43
26.46
26.53
26.74
28.07
29.26
30.59
30.66
31.92
32.13
32.2
32.48
32.83
32.9
35.28
35.56
36.4
36.82
37.17
37.59
38.01
38.22
38.22
38.99
39.41
39.55
40.18
40.46
40.74
42.84
42.84
43.12
43.68
44.1
44.87
45.85
46.06
46.9
48.23
48.79
49.21
49.28
50.05
51.52
52.08
53.2
55.37
55.44
56.7
57.33
57.61
57.75
59.99
60.27
60.41
61.11
61.25
63.49
63.77
66.08
67.97
68.67
69.51
y
11.65
49.85
33.3
33.2
32.05
12.75
44.85
19.15
16.2
8.7
5.8
45.25
43.5
34.15
21.7
21.6
36.3
33.3
23.7
23.6
6.9
42.6
25.9
24.2
17.05
3.3
44
19.45
11.55
10.6
0.25
48.95
44.2
42.4
7.8
3.5
48.1
40.6
36.25
32.15
15.1
47.75
37.7
36.1
13.5
9.65
39.95
25.25
24.6
13.75
7.7
46.2
35.1
24.2
23.3
2.4
43.55
35.35
31.45
17.3
6.9
47
28.55
21.3
19.4
9.25
49.7
11.25
9.7
8.85
4.8
35.3
23.3
17.9
17.35
0.05
48.75
27.65
20.7
20.05
17
28.05
27.95
13.05
12.05
2.1
49.95
40.75
16.4
6.35
1.75
48.2
29.7
15.25
14.25
11.6
47.95
46.35
41.3
31.55
28.25
38.15
end