Layer
15
H
10
Ux
70
Uy
50
n
152
m
682
x
0.42
0.77
1.26
1.33
2.1
2.38
2.45
2.59
2.73
2.87
3.01
4.13
4.27
4.69
4.76
5.18
5.25
6.16
6.65
7.28
7.28
8.33
9.24
9.38
9.38
11.34
12.04
13.37
13.44
13.58
13.93
14.56
16.24
16.59
18.2
18.27
18.62
19.25
19.88
20.44
20.86
21.42
21.7
22.26
22.54
22.68
23.38
23.52
24.36
24.85
25.62
25.69
26.25
26.25
26.46
27.72
27.86
28.07
28.35
28.91
29.12
29.61
29.89
31.22
31.5
31.78
31.85
32.06
32.13
32.48
32.69
33.04
33.32
33.74
34.93
35.14
35.63
36.05
37.1
37.45
37.73
37.87
38.5
39.48
39.69
39.9
39.97
40.67
41.3
41.44
41.79
42.07
42.42
42.49
42.98
43.12
44.1
44.73
45.57
45.64
45.85
45.92
46.9
47.18
47.25
47.74
48.44
50.05
50.33
50.54
51.03
52.36
52.92
53.06
53.06
54.46
55.44
56.07
56.21
57.61
57.75
58.38
59.15
60.27
61.18
61.6
61.6
61.67
62.02
62.09
62.37
62.37
63.14
63.21
64.05
64.4
64.47
65.17
65.52
65.87
66.22
66.22
66.36
66.78
68.04
68.04
68.81
68.81
69.02
69.23
69.93
69.93
y
30.1
44.75
43.3
42.35
35.1
30
25.4
15.6
9.35
6.85
2
48.2
39.5
39.35
38.1
31.45
13.6
11.75
10
8.8
1.05
46.25
46.2
44.05
43.2
39
29.55
28.2
22.25
17.45
6.1
44.05
43.8
37.8
36.25
31.65
20.95
17.85
7
5.35
4.05
47.55
42
39.7
39.4
39.35
37.15
35.65
24.2
21.6
14.8
49.4
47.5
41.5
35.6
34.65
22.65
22.05
7.25
6.7
4.55
47.7
31.95
31.8
31.6
17.3
14.55
13.4
12.25
4.1
0.95
46.25
34.75
30.95
29.6
25.05
17.75
17.15
15.45
2.95
1.75
49.85
46.7
33.1
26.3
25.85
23.6
22.35
19.1
17.45
15.8
41.25
39.4
38.7
36
35.3
21.55
21.4
17.3
12.65
4.9
47.85
44
36.3
31.75
21.05
18.65
18.15
15.9
11
2.9
49
45.35
42.45
37.85
36.15
36.1
26.15
25.8
10.85
1
49.7
48.1
30.45
30.15
29.25
22.7
20.5
13.1
4.35
2.05
41.4
41.2
35.85
32.9
28.35
25.95
18.9
12.15
9.95
6.9
46.6
43.75
38.2
36.7
33.55
28.75
10.7
10.4
4.65
3.55
4.45
end