Layer
15
H
20
Ux
70
Uy
50
n
302
m
1422
x
0.14
0.14
0.63
1.75
2.1
2.1
2.17
2.94
2.94
3.08
3.57
3.57
4.06
4.2
4.41
4.41
4.55
4.62
4.62
4.83
5.11
5.67
5.74
5.88
6.02
6.09
6.16
6.23
6.51
6.58
6.93
7.21
7.21
7.35
7.49
7.63
8.05
8.19
8.47
8.61
8.68
8.89
9.03
10.22
10.36
10.43
11.27
11.76
11.9
13.02
13.37
13.79
13.86
14
14.28
14.63
14.63
14.7
14.77
14.91
14.91
15.96
15.96
17.08
17.15
17.57
17.71
17.78
17.85
17.85
18.13
18.34
18.41
19.18
19.32
19.39
19.39
19.53
19.6
20.09
20.23
20.3
20.37
20.79
20.86
21
21.14
21.14
21.14
21.21
21.28
21.49
21.56
21.77
22.26
22.4
22.96
23.17
23.8
23.94
24.01
24.01
24.43
24.5
24.5
24.64
24.64
24.71
25.34
25.41
25.55
25.69
25.83
25.83
26.81
27.16
27.3
27.44
27.44
27.65
27.79
27.79
27.86
27.93
27.93
28.49
28.7
28.77
29.47
29.68
29.96
30.45
30.66
30.73
31.57
31.92
32.13
32.69
32.83
32.9
32.97
32.97
33.46
33.46
33.46
33.6
33.95
34.02
34.09
34.16
34.16
34.23
34.72
35
35.56
35.98
36.33
37.03
37.1
37.24
37.59
38.08
38.15
38.29
38.36
38.57
38.85
38.92
39.2
39.9
40.04
40.11
40.39
40.6
41.23
41.44
41.44
41.58
41.58
41.58
41.93
42.07
42.28
42.42
42.7
42.77
43.26
43.54
43.61
43.68
43.96
44.03
44.1
44.24
44.87
45.5
45.5
45.57
45.64
45.71
46.69
46.76
46.83
46.83
47.04
47.46
47.74
48.09
48.37
49
49.84
50.05
50.12
50.19
50.26
50.4
50.82
50.89
51.87
52.01
52.22
52.99
53.76
53.83
53.9
54.18
54.32
54.53
54.6
54.67
54.81
54.88
54.88
55.09
55.23
55.37
55.51
55.79
55.86
56.28
56.77
56.91
56.98
57.47
57.68
57.75
57.96
58.03
58.1
58.1
58.8
58.94
59.43
59.92
60.06
60.34
60.34
60.41
60.48
60.9
60.97
61.32
61.53
61.67
61.74
61.81
62.16
62.37
62.44
62.44
62.58
63.63
63.91
64.12
64.61
64.75
64.96
65.1
65.31
65.45
65.52
65.66
65.94
66.15
66.43
66.5
66.57
66.57
66.78
67.13
67.2
67.48
67.55
67.69
67.83
67.97
68.46
69.09
69.16
69.16
69.23
69.79
y
13.6
49.45
48.25
46.8
45.95
42.15
38.5
36.1
32.9
32.2
24.95
22.6
19.8
19.55
15.7
13.25
9.35
6.75
3.5
2.55
2.2
48.35
42.55
40.55
37.35
34.1
31.05
27.65
27.6
26.85
26.5
25.3
24.4
24.1
23.85
23.4
14.7
10.45
7.25
5.25
3.4
49.5
48.5
47.75
44.45
42.65
39.2
33.5
30.7
28.45
24.65
23.85
9.25
8.65
8
6.1
5.3
5.1
1.65
0.25
0.2
47.1
44.8
40.6
37.35
34.4
31.8
31.5
28.65
23.45
21.8
21.25
20.3
18
9.05
8.3
7.8
5.9
5.6
4.6
3.75
39.45
37.7
34.7
32.4
30.3
28.3
28.25
27.25
27.25
25.8
23.65
23.55
21.65
20.35
17.4
10.9
9.65
7.3
6.75
5.7
48.55
47.3
44.4
44.1
43.45
40.25
36.15
33.05
30.6
30.3
24.1
23.1
22
21
19.45
12.05
8.05
7.05
6.55
4.85
44.85
44.8
44.2
43.65
41.6
36.55
36.35
28.9
27.9
27.65
24.95
24.1
19.85
17.15
12.95
10.25
8.05
6.05
1.4
0.45
48.25
47.7
46.95
46.7
44.15
44
35.2
32.05
31.65
30.85
24.9
21.65
21.65
19.8
19.55
17.9
13.55
11.75
2.6
1.85
46.75
46.3
42.6
41.3
37.85
37.7
36.2
32.5
32.3
32
22.35
22.05
14.55
10.75
9.05
8.15
7.15
5.4
3.3
1.35
48.45
40.55
39
36.9
35.4
32.5
31.8
25.7
25.15
24.9
22
20.05
16.35
14.35
11.3
10.15
8.9
8.8
8.3
7.85
45.65
44.85
44.5
40.75
37.4
36.95
28.95
25.45
22.8
22.65
19.3
17.4
16.85
13.45
12
8.1
3.5
2.45
1.65
1
49.8
46.85
43.75
41.45
41.15
38.55
36.85
36.4
35.35
32.75
31.1
29.5
27.85
24.5
20.05
20.05
14.8
13.15
6.95
2.15
47.7
45
44.85
42.35
40.35
37.65
35.75
31.4
28.55
27.1
24.9
23.85
19.65
16.45
13.7
9.35
8.4
7.65
3.2
0.7
46.2
46.15
44.55
43.4
42.25
41.65
35
33.3
32.3
31.7
27.2
26.25
18.8
13.85
13.65
12.8
12.7
10.3
6.55
5.9
43.2
37.9
37.35
33.55
33.2
27.15
27
24.95
24.05
23.3
22.7
22.1
20.2
19.5
17.85
8.4
6.5
4.45
3.45
3.15
34.3
end