Layer
20
H
10
Ux
70
Uy
50
n
202
m
912
x
0.21
0.7
1.05
1.05
1.47
1.68
1.82
2.31
2.38
2.52
3.01
3.01
3.64
3.92
4.06
4.69
4.9
5.6
5.67
5.81
6.16
6.23
6.3
6.58
7.49
7.77
7.91
8.05
8.19
9.8
10.29
10.36
10.5
10.57
11.27
11.34
11.41
11.62
12.74
13.3
13.3
13.44
13.51
14
14.77
15.54
15.68
15.96
16.24
16.73
16.94
17.15
17.5
17.92
18.2
18.41
18.83
19.39
19.53
19.95
20.09
20.23
20.3
20.79
21
21.07
21.07
21.14
21.56
21.7
21.77
22.19
22.33
22.54
23.31
23.38
24.22
24.36
24.78
25.13
25.2
25.41
25.55
25.55
26.04
26.67
26.74
26.88
26.95
27.23
27.23
27.65
27.72
28.42
28.63
29.61
30.17
30.31
30.45
30.52
30.94
31.29
31.92
33.25
33.32
33.53
34.02
34.23
35.7
35.98
36.4
36.82
36.82
37.17
37.31
38.43
38.64
39.41
39.97
40.04
40.81
40.88
41.3
41.51
41.93
42
42.35
42.49
42.84
43.33
43.4
43.61
43.96
44.1
44.59
44.66
45.15
45.99
46.13
46.48
46.55
46.69
46.9
47.39
47.6
47.88
47.88
47.95
48.02
48.23
48.23
49
50.33
50.75
51.59
51.59
51.73
51.73
52.15
52.29
52.5
53.62
54.88
54.88
55.79
56.14
56.98
57.19
57.33
58.31
58.59
58.94
59.15
59.22
59.29
60.48
60.69
60.9
61.67
62.09
62.16
62.23
62.23
62.44
62.72
62.79
63.07
63.21
63.63
63.7
64.19
65.31
66.08
66.36
66.92
67.13
67.55
68.25
68.95
69.44
69.72
69.93
y
9.25
48.9
44.35
37.35
36.85
36.4
33.55
33.35
27.95
20
6.2
48.05
39.05
35.05
34.1
25.25
21.6
15.45
9.1
4.85
1.2
45.6
44.45
41.65
31.7
28.1
27.7
22.9
22.55
21.1
9.85
49.85
44.1
42.2
42
38.3
31.25
29.25
11.55
3.9
3.55
46.2
42.15
39.75
39.65
35.85
31.9
20.55
13.3
12.3
2.55
46.95
33.2
27.9
27.7
24.15
16.35
13.25
12.35
3.75
0.15
40.8
36.3
30.15
29.2
28.75
25.7
17.15
16
13.95
3.45
39.05
38.05
21.35
16.85
16.3
6.2
3.75
2.15
1.3
0.95
46.6
34.55
31.05
28.95
25.6
18.55
6.4
6
1.1
0.1
48.05
46.55
44.8
30.65
21.2
18.5
15.5
12.6
9
1.85
47
34.85
33.3
21.3
18.85
14.85
5.35
4.85
4.6
2.65
49.55
49.1
44.45
42.85
41.75
30.45
27.9
14
9.7
8.65
46.3
35.35
35.3
34.3
33.8
24.4
21.25
12.55
9.8
4.05
48.8
41.9
39
37.05
37
33.15
32.35
20.35
12.75
8.3
47.65
45.65
43.25
37.9
23.4
20.5
19.95
11.55
5.5
3.45
44.6
40.7
34.65
30
27.05
22.3
17.15
12.05
6.95
3.4
48.45
41.9
40.85
29.3
28.65
11.25
10.7
9.75
5.9
2.05
47.15
41.85
40.5
38.25
38.25
19.95
19.75
14.35
5.85
3.6
46.6
45.45
26.4
25.85
18.95
18.05
11.9
2.8
1.4
0.75
46.45
45.85
45.8
34.5
33.4
29.5
22.85
21.65
20.6
13.95
11.35
end