Layer
15
H
15
Ux
70
Uy
50
n
227
m
1052
x
0.21
0.28
0.7
0.91
0.98
1.4
1.75
2.52
2.8
3.15
3.29
3.43
3.57
3.71
4.13
4.27
4.41
4.48
4.76
5.25
5.25
5.46
6.65
7
7.07
7.07
7.14
7.14
7.35
7.7
8.19
8.54
8.61
9.31
9.66
9.8
9.8
10.01
10.08
10.43
11.2
11.83
12.04
12.18
12.95
13.16
13.16
13.16
13.23
13.23
13.3
13.37
13.65
13.79
13.79
14.14
14.28
14.28
14.42
15.12
15.68
15.96
16.38
16.52
16.66
16.8
17.22
17.99
18.76
18.9
19.81
19.88
20.02
20.44
20.58
20.72
20.93
21
21.28
21.42
21.77
22.19
22.19
22.89
23.45
23.66
24.15
24.22
24.5
24.99
24.99
25.34
26.32
26.39
27.16
27.58
27.93
28.14
28.21
28.7
29.47
29.61
30.52
31.01
31.08
31.85
32.2
32.34
32.34
32.83
32.97
34.02
34.58
34.86
35.35
35.84
36.05
36.05
36.12
36.12
36.4
36.47
36.54
37.1
37.24
37.45
37.45
37.59
37.87
38.01
38.22
38.36
39.27
39.27
39.41
40.46
40.67
40.74
41.23
41.23
41.72
42.35
42.42
42.56
42.91
43.26
43.4
43.61
43.82
43.89
43.89
43.89
45.22
45.29
45.64
45.85
45.85
46.13
46.13
46.69
46.9
46.97
47.6
47.74
47.88
47.95
48.79
49.14
49.21
49.28
49.84
50.4
50.61
50.68
50.89
50.96
51.24
51.73
51.94
52.01
52.22
52.5
52.71
53.41
54.95
56.07
56.28
56.91
57.54
57.75
57.75
58.17
58.45
58.52
59.22
59.5
59.85
60.2
60.27
60.69
61.74
62.02
63.49
63.56
64.05
64.12
64.19
64.4
64.61
64.89
65.24
65.24
65.38
65.59
65.66
65.94
66.15
66.36
66.57
66.78
66.99
67.62
67.97
68.04
69.23
69.23
69.65
y
3.7
49.6
47.75
47.65
42.3
40.75
36.3
28.95
23
18.6
16.5
11.7
8.5
8.1
1.4
0.15
43.65
40.9
40.7
39.2
37.3
32.65
31.5
29.45
28.35
25.2
17
15
13.5
6.05
3.6
49.45
47.9
43.3
39.25
39.05
37.05
33.35
29.6
29.5
28.45
24.65
18.95
7.05
0.15
0.05
49.1
45.25
44.4
43.75
42.75
30.35
27.85
23.15
22.45
21.9
13.65
11.15
9.75
6.4
1.2
49.6
43.2
40.6
39.95
38.55
35.95
29.95
27.9
27.7
26.3
23.4
19.3
9.45
4.9
2.55
45.3
43.65
43.35
40.15
38.75
38.1
32.85
30.85
30.25
25.3
21.95
21.05
16.5
15.45
0.55
48.65
48.25
40.15
38
36.25
34.15
32.7
32.1
31.4
26.4
21.95
15.05
14.55
7.15
3.85
41.6
37.2
36.1
33.95
29.15
28.25
23.35
17.75
14.75
14.25
11.35
10.15
9
6.05
1.7
47.15
46.65
44
43.55
41.9
41.65
41.5
34.9
31.55
23.45
21.05
13.25
8.8
8.6
5.95
47.35
43.8
40.9
37.85
32.15
29.95
27.3
25.45
24.7
18.7
16.35
13.5
12.15
11.95
0
43.9
37.35
35.3
34.9
34.2
32.6
29.9
25.1
23.75
22.2
16.45
11.6
10.55
3.05
1.75
46.5
43.7
42.6
40.2
38
37.2
34.25
32.4
31.4
29.95
29.1
24.65
22.95
6.35
4.1
47.75
44.1
39.3
39.1
38
37.4
36.55
33.9
32.35
31.05
19.4
13
12.75
10.6
9.95
47.15
46.35
41.6
33.3
32.3
29.8
19.7
15.35
13.3
11.15
7.75
6.2
3.85
3.2
1.8
45.8
44.7
38.9
36.95
35.8
32.1
23.95
20.1
19.7
10.85
8.6
7.2
3.2
2
0.85
44.6
end