Layer
5
H
20
Ux
70
Uy
50
n
102
m
462
x
0
0.35
0.63
1.68
1.96
2.17
2.87
5.67
6.3
8.19
9.24
10.15
10.78
11.97
13.02
13.44
14.28
14.56
14.63
17.36
17.5
17.71
17.71
17.78
17.78
18.2
18.76
18.97
20.93
21
21.42
21.98
22.05
22.82
22.96
24.15
24.78
26.6
26.74
28
28.56
28.63
29.33
29.68
29.75
30.1
30.73
30.8
31.08
31.57
32.34
32.41
33.18
33.67
34.86
37.17
37.38
38.08
38.15
39.06
40.11
40.95
41.23
41.44
41.93
45.08
45.22
46.2
46.97
48.58
49.28
49.42
49.91
49.91
50.12
51.66
52.15
52.64
53.13
54.04
57.54
58.59
59.15
60.97
61.81
61.95
62.23
63.07
63.28
63.28
64.68
65.38
65.52
65.59
65.87
67.06
67.13
67.76
68.04
68.11
69.3
69.51
y
45.2
48.05
44.25
42.05
42.05
39.5
33.35
30.25
29.9
29.85
29.05
27.45
27.35
26.05
21.15
19.45
14.55
10.65
8.2
7.1
4.55
49.4
46.75
46
44.75
40.35
39.2
32.7
27.85
23.25
22.85
22.2
20.1
20
19.9
15.75
13.25
12.55
7.6
4.6
2.6
49.85
48.35
44.2
44.05
43.35
42.05
32.65
32.6
29.15
27.05
26.55
26.15
19.8
19.4
19.15
14.8
12.35
9.5
7.6
3.7
49.75
46
41.95
41.9
41.85
38.45
33.35
32.9
31.75
30.65
29.05
27.9
24.3
23.6
15.05
14.5
11.75
8.8
6.8
6.25
47.05
47.05
45.95
45.25
42.2
40.2
39.75
37.25
33.7
28.75
28.45
24.7
23.8
23.1
18.75
16.35
16.1
12.95
4.6
3.85
34.75
end