Layer
10
H
15
Ux
70
Uy
50
n
152
m
697
x
0.35
0.56
1.33
1.54
1.68
1.68
2.17
2.45
2.52
2.59
2.73
3.29
4.69
5.67
6.23
6.65
6.72
7.7
7.84
8.26
8.26
8.4
8.89
8.96
9.17
9.52
9.73
9.8
10.29
11.62
12.39
12.39
12.74
13.65
14.98
16.45
18.2
18.41
19.04
19.46
20.16
20.72
21.63
22.19
22.82
23.45
23.59
23.59
24.78
24.78
24.85
25.13
25.27
25.55
26.53
27.65
27.86
27.93
28.21
28.56
28.77
29.19
29.26
29.54
29.82
30.17
30.24
30.38
30.59
31.08
31.36
31.43
32.06
32.06
32.06
32.13
32.41
32.62
33.39
33.88
34.65
35.42
35.7
37.24
37.52
37.73
38.36
38.43
38.57
39.9
40.39
40.81
41.44
41.65
42.35
42.77
43.26
43.26
43.4
43.75
43.82
44.94
45.22
45.78
46.9
46.97
47.25
47.6
47.74
47.74
48.51
48.86
49.14
49.56
50.12
50.61
51.73
52.22
52.64
53.41
53.69
53.83
55.09
55.3
55.3
56.35
56.49
56.7
57.26
58.73
58.94
59.15
59.78
60.62
61.04
61.11
61.53
61.88
61.88
62.16
62.79
63.14
63.49
64.89
65.17
66.22
67.13
67.2
67.34
68.18
68.67
69.02
y
15.9
44.85
43
42.45
40.7
36.25
33.5
32.25
31.55
15.65
14.55
10.9
9.6
9.45
9.35
4.35
45.3
39.05
37.65
25.2
23.2
22.35
17.7
15.15
12.35
7.45
5.45
4.1
3.05
1.6
0.75
48.65
41.75
41.7
35.45
34.75
25.15
24.35
23.25
23
21
20.35
12.95
12.3
6.3
4.45
48.2
47.2
46.4
45.75
36.85
34.85
28.3
27.65
27.6
25.65
22.6
12.7
12.15
8.7
6.5
47.2
44.45
44.25
43.3
42.6
37.4
35.65
31.8
22.9
22.65
19.45
18.85
18.6
6.45
1.85
45.3
43.35
42.3
35.6
34.95
33.35
28.85
27.45
18.8
17.3
3.95
2.45
2.05
1.9
1.7
48.8
48
45.4
38.9
36.5
28.85
28.7
25.75
16.75
16.4
15
14.8
13.5
6.7
6.3
46.85
45.6
43.9
42.9
34.8
31.95
29.9
28.8
25.5
23.1
16.8
14.25
12.8
11.05
4.8
49.7
47.65
44.35
40.7
39.45
32.4
31.75
31.05
30.05
27.95
27.7
25.85
9.75
8.9
7.3
42.5
38.6
35.3
35
34.95
33.55
32.5
28.35
28
26.95
23
20.25
17.15
9.3
6
47.45
end