Layer
15
H
5
Ux
70
Uy
50
n
77
m
312
x
0.14
0.7
1.75
1.82
2.03
3.01
3.08
3.15
3.36
3.78
3.92
4.06
5.18
5.18
7.98
8.96
11.9
11.97
13.09
13.79
14.35
14.42
14.63
14.63
17.29
18.06
19.39
19.53
21.56
21.91
22.4
22.47
22.89
24.08
25.06
25.27
25.83
25.9
26.25
29.4
31.57
31.85
32.62
35.28
39.27
39.76
40.04
44.59
44.66
44.66
45.57
45.71
46.27
47.18
47.46
47.6
47.74
48.86
49.49
51.24
52.85
54.67
56.63
57.4
58.17
58.8
59.08
60.34
60.34
60.76
62.09
62.72
64.61
64.89
65.94
66.36
69.16
y
1.9
38.85
34.1
30.15
27.4
6.75
43.1
27.45
25.5
16.05
4.25
46
37.8
25.7
23.15
19.85
38.25
37.85
37.5
36.75
18.55
38.75
35.6
16.15
2.6
1.85
34
26
18.8
6.05
5.8
47.35
42.1
30.9
13.65
6.5
42.35
23.15
22.6
4.05
1.25
49.5
35.45
23.2
10.65
0.05
47.65
35.9
21.6
21.35
2
41.5
34.9
34.8
26.75
6
34.05
26.1
13.3
13.25
5.5
46.95
40.6
31.35
15.9
6.3
30.7
20.75
16.45
5.05
3.8
40.7
40.2
21
18.05
7.5
10.85
end