Layer
5
H
10
Ux
70
Uy
50
n
52
m
222
x
0.98
1.96
4.69
5.53
5.74
7.98
10.01
10.57
10.78
11.83
12.67
15.12
16.17
17.57
19.53
19.6
19.81
21.49
21.7
21.84
22.89
25.76
27.93
31.15
35.56
36.4
36.89
39.27
40.11
43.68
44.66
45.15
46.55
47.39
47.81
49.07
50.19
51.17
51.87
52.43
55.09
55.51
57.47
57.96
58.03
62.23
62.23
63.28
64.26
66.29
66.99
68.11
y
20.3
46.05
32.3
29.9
26.15
24.85
21.9
21.6
14.6
11.8
8.4
49.55
48.65
48.1
47.45
43.45
42.2
28.5
25.3
16.85
9.1
44.15
42.5
36.65
34.9
28.45
28.4
19.4
18.75
9.3
7.25
41.1
35
31.5
26.3
14.85
8.55
5.35
4.55
4.15
0.45
36.95
35.2
33.45
25.35
15.75
12.35
11.2
10.75
4.75
2.95
36.9
end