Layer
20
H
15
Ux
70
Uy
50
n
302
m
1407
x
0.42
0.56
0.84
1.12
1.54
1.82
2.03
2.1
2.17
2.24
2.24
2.31
2.52
2.52
2.94
3.15
4.06
4.27
4.62
5.04
5.46
5.53
5.95
6.16
6.93
7.35
7.42
7.7
7.84
8.12
8.19
8.75
8.96
9.45
9.45
9.87
10.01
10.29
10.29
10.43
10.5
10.85
10.85
11.34
11.41
11.76
11.9
12.25
12.6
12.67
12.67
13.16
13.16
13.23
13.3
13.58
13.58
14.07
14.28
14.28
14.28
14.42
14.42
14.56
14.77
15.19
15.33
15.61
15.75
15.75
15.75
16.17
16.38
16.8
16.87
17.22
17.5
17.57
17.64
17.64
17.71
17.92
18.34
18.48
18.55
18.76
18.97
18.97
19.67
19.74
19.81
20.16
20.23
20.72
21.28
21.42
21.56
21.91
22.05
22.54
23.03
23.8
24.01
24.08
24.15
24.57
24.57
24.71
24.71
24.78
24.78
24.99
25.06
25.27
25.48
25.55
25.62
26.11
26.39
26.81
26.81
27.02
27.16
27.44
27.65
27.86
28.42
28.42
28.56
28.91
29.54
29.61
29.89
29.96
29.96
29.96
30.17
30.45
30.66
31.08
31.15
31.22
31.57
32.06
32.41
32.76
32.83
33.04
33.32
33.67
34.3
34.44
34.44
34.72
35.35
35.56
35.91
35.91
36.05
36.33
36.61
36.75
36.89
37.1
37.38
37.66
37.73
38.36
38.57
39.2
39.27
39.48
39.76
39.97
40.25
40.81
40.81
40.95
41.09
41.23
41.58
41.79
42
42.07
42.21
42.28
42.35
42.42
42.42
43.19
43.26
44.24
44.59
44.73
45.01
45.08
45.43
45.78
45.85
46.06
46.2
46.69
46.97
46.97
47.32
47.53
48.02
48.23
48.37
48.44
48.44
48.65
48.79
48.93
49.07
49.14
49.14
49.14
49.28
49.84
50.12
50.12
50.47
50.75
51.03
51.17
51.31
51.31
51.38
51.52
51.52
51.66
51.8
51.87
52.01
52.36
52.57
52.71
52.92
53.9
53.97
54.6
54.81
54.95
55.02
55.37
55.37
55.58
55.72
56
56.07
56.14
56.21
56.7
56.84
57.05
58.38
58.45
59.08
59.08
59.29
59.57
59.64
59.78
59.78
59.85
59.85
59.85
59.99
60.76
60.83
61.04
61.46
61.74
61.74
61.88
61.95
62.02
62.23
62.65
62.93
62.93
63.21
63.98
64.4
64.4
64.61
64.68
65.1
65.94
66.29
66.64
66.85
67.69
67.69
67.83
67.97
68.04
68.95
69.09
69.44
69.51
y
40.85
46.75
43.7
43.5
42.9
42.1
36.2
35.45
34.55
12.5
12.45
9.2
8.3
4.5
4.1
3.95
48.75
45.05
42.6
41.1
38.65
34.65
23.65
22.9
21.7
19.6
16.6
13.65
11.15
10.25
1.65
49.5
48.95
47.65
44.8
37.95
35
29.3
29.15
29.1
28.8
24.85
20.75
20.6
7.3
5.55
49.1
48.05
41.3
35.1
33.65
32
24.05
20.7
15.6
12.75
11.2
11.05
10.45
3.9
2.25
44.1
39.85
38.3
36.7
34.05
24.25
22.65
16.65
15.45
8.55
7.55
3.65
2.3
2.25
1
46.6
45.7
40.4
39.45
38.15
28.7
24.7
23.75
23.75
20.6
18.05
9.75
2.6
0.9
0.35
39.9
37.8
30.2
28.6
27.45
25.65
23.9
23
22.55
20
18.95
14.9
12.75
11.45
3.55
45.3
40.35
37.35
34.75
29.75
29.4
27.45
22.05
22.05
19
16.25
14.15
11.35
4.8
0.2
49.75
49.6
47.7
40.3
39.75
37.25
35.45
35.3
33.35
30.05
25.3
16.25
6.6
4.8
3.85
48.85
47.25
45.2
43.2
42.65
35.9
27.1
27
23.15
21.85
19.85
14.1
10.3
9.7
7.25
47
42.75
40.15
38.5
36.4
26
25.2
21.05
19.1
18.6
16.7
15
14.1
11.45
6.4
49
46.45
38.05
37.85
36.2
33
31.7
27.5
19.15
18.2
17.4
11.6
8.35
4.7
1.15
49.15
46.65
46.55
45.15
44.6
32.2
28.9
23.5
19.6
19.15
17.6
15.95
11.35
6.75
3.65
49.8
48.05
45.1
43.65
40.5
37.5
34.75
29.85
29.45
26.9
19.7
19.6
18.9
11.2
1.8
48.15
41.5
36.8
34.1
28.15
27.55
24.75
23.9
20.15
13.5
10.25
9.05
7.1
6.15
2.05
48.8
48.15
46.25
45.45
37.5
37.3
36.2
35.2
34.4
29.6
22.4
13.95
12.75
4.75
1.75
49.85
41.15
39.7
39
35.8
32.9
31.85
30.95
30.15
18.7
18.65
16.4
6.1
4.95
2.5
49.75
45.1
43.55
29.5
25.95
23.45
21
16.75
15.35
12.65
10.25
9.6
5.8
4.8
0.05
49.45
46.7
45.5
39.45
33.45
28.6
24.9
23.35
21.1
18.5
16.9
14.5
10.3
7.5
3.8
46.85
45.55
43.8
42.6
42.25
41.05
37.75
26.45
25.45
20.3
17.3
12.95
8.45
8.3
0.6
40.55
end