Layer
20
H
20
Ux
70
Uy
50
n
402
m
1902
x
0.42
0.7
0.84
0.98
1.05
1.47
1.61
1.75
1.75
1.96
2.24
2.45
2.45
2.59
2.8
3.01
3.15
3.29
3.29
3.57
3.78
3.92
4.06
4.34
4.41
4.76
4.9
4.97
5.46
5.53
5.53
5.6
5.74
5.88
6.02
6.09
6.23
6.44
6.51
6.58
6.72
7.07
7.14
7.28
7.56
7.56
7.7
7.7
8.26
8.33
8.54
8.82
8.96
8.96
9.03
9.1
9.17
9.17
9.24
9.31
9.38
9.66
9.66
9.87
10.01
10.01
10.29
10.36
10.71
10.78
10.85
10.85
11.34
11.41
11.55
11.83
11.9
12.11
12.11
12.18
12.18
12.39
12.53
12.88
13.09
13.44
13.72
13.79
13.79
14.21
14.56
14.91
14.91
15.05
15.47
15.61
16.03
16.1
16.17
16.24
16.31
16.31
16.94
17.01
17.15
17.15
17.22
17.36
17.43
17.78
17.99
17.99
18.69
18.76
18.97
19.11
19.18
19.53
19.81
19.81
20.3
20.37
20.65
21.28
21.28
21.63
21.7
21.7
21.91
22.05
22.19
22.19
22.26
22.82
22.89
22.89
22.89
23.24
23.31
23.52
23.52
23.52
23.59
23.66
23.8
23.94
23.94
24.22
24.29
24.5
24.57
24.57
25.34
25.9
25.97
26.11
26.39
26.46
26.67
27.02
27.16
27.37
27.93
28.07
28.21
28.35
28.49
28.84
28.98
28.98
29.05
29.05
29.47
29.68
30.17
30.38
30.52
30.59
30.8
30.87
31.15
31.29
31.43
31.57
31.92
32.62
32.9
33.25
33.25
33.53
33.81
33.95
34.02
34.37
34.37
34.37
34.51
34.65
34.79
35.07
35.28
35.35
35.56
35.91
35.98
35.98
36.61
36.82
36.89
37.03
37.31
37.52
37.52
37.73
37.87
37.94
37.94
38.29
38.36
38.43
38.57
38.99
39.2
39.69
39.83
39.9
39.97
40.18
40.39
40.74
40.88
41.02
41.3
41.3
41.44
41.44
41.51
41.79
41.93
42.14
42.21
42.49
42.56
42.7
42.91
43.05
43.12
43.75
44.17
44.45
44.45
44.52
44.66
44.73
44.73
44.94
44.94
45.01
45.08
45.29
45.64
45.71
45.92
45.99
46.06
46.34
46.41
46.55
46.69
46.69
47.18
47.6
47.81
48.09
48.16
48.44
48.44
48.72
49
49.21
49.42
49.56
49.98
50.05
50.26
50.4
50.54
50.54
51.17
51.38
51.66
51.73
51.94
52.15
52.36
52.36
52.64
52.92
52.99
53.48
53.55
53.69
53.76
54.11
54.18
54.25
54.74
55.09
55.37
55.44
55.51
55.58
55.58
55.72
55.79
55.79
55.79
55.86
56.35
56.42
56.49
56.84
56.84
56.91
57.05
57.12
57.19
57.4
57.47
57.47
57.54
57.89
58.03
58.24
58.31
58.38
58.59
58.66
58.73
58.73
58.94
59.08
59.29
59.36
59.92
59.92
60.2
60.2
60.48
60.76
60.83
60.97
61.04
61.18
61.46
61.53
61.74
62.02
62.37
62.44
62.86
62.86
63
63.28
63.63
63.77
64.05
64.26
64.4
64.47
64.61
64.96
65.03
65.03
65.45
65.52
65.59
65.59
65.8
66.22
66.29
66.5
66.5
66.78
67.13
67.34
67.34
67.34
67.34
67.41
67.41
67.55
67.69
68.32
68.95
68.95
69.09
69.51
69.51
69.72
69.72
69.79
y
14.7
48.05
48.05
47.3
43.85
41.1
40.7
39.65
35.75
34.55
32.3
26.65
18.65
14
12.35
11.5
8.15
6.3
4.45
1.5
1.25
49.1
48.5
46.15
45.1
43.45
40.7
39.85
39.55
39.5
36.7
36.4
32.4
30.95
21.85
19.65
19.1
13.35
8.8
8.1
6.25
46.4
38.8
33.7
32.85
29.95
29.2
23.9
23.6
22.1
17.6
17.35
16.3
12.45
11.1
11.1
8.95
8.1
7.35
7.05
1.3
45.45
43.8
43.65
42
36.8
35.35
35.1
33.7
32.45
31.1
26.75
25.95
20.75
14.95
14.5
13.9
11.5
9.6
7.9
4.5
49.9
43.05
42.15
39.85
35.15
34.8
32.5
32.05
28.4
25.05
14.05
10.95
9.45
7.95
5.55
4.65
4
3.95
0.75
0.65
48.6
47.05
46.65
43.7
42.6
40.75
38.5
31.75
30.7
28.6
28.55
24.65
21.35
13.7
6.45
6.45
5.3
2.6
1.6
0.8
49.45
47.4
40.2
33.65
33
29.8
19.8
18.25
18.1
14.35
12
11.55
9.3
9.25
6.25
6.15
4.95
4.25
3.7
0.65
42.65
42.2
37
30.75
30.15
29.05
26.8
25.5
22.35
18.75
17.35
16.95
16.35
15.4
11.05
9
8.85
7.85
5.15
1.2
49.75
49.15
47.25
46.15
45.65
44.15
41.7
37.55
30.15
22.45
21.3
20.75
20.45
19.65
17.3
17.25
15.3
15.2
13.1
6.5
48.6
33.75
33.6
28.95
26.25
18.5
16.4
16.25
15.55
15.45
14.8
13.75
10.45
10.3
9.1
7
4.4
2.25
1.8
0.25
49.45
48.55
46.35
46
41.2
38.6
35.6
31.6
29.8
21.85
20.1
19.7
19.25
18.55
18.15
12.7
10.95
5.65
2.2
1.2
47.5
47.4
45.9
44
41.55
39.55
34.9
33.8
33.55
28.85
28.2
23.1
22.95
22.75
22.5
20
17.95
14.3
11.45
2.65
49.8
48.55
47.15
42.9
41.25
40.5
35.55
35.45
33.7
33.5
28.85
27.05
27.05
25.4
23.65
11.75
11.15
10.9
10.85
10.05
46.3
42.6
41.7
40.25
40.1
35.5
29.15
27.5
26
25.45
21.5
19.95
15.7
11.15
10.05
7.35
7
5.65
3.65
3.2
48.5
47.85
45.65
45.4
38.95
36.65
36.55
35.05
29.05
24.85
15.55
11.25
11.25
7.85
5.2
4.65
2.7
2.15
1.45
0.15
49.35
43.75
42.6
40
39.4
38
37.25
29.3
23.2
19.45
17.6
15
11.25
8.25
6.95
6.25
4.15
3.25
2.35
2.25
49
48.05
48
45.6
42.4
42.1
36.95
31.85
31.75
31.6
31.05
23.75
22.7
11.35
9.6
9.2
8.2
3.55
1.65
1.5
44.95
44.85
41.65
37.95
33.7
29.8
29.05
28.75
25.8
25.25
23.4
21.85
19.4
18.85
15.35
13.9
10.05
8
4.05
1.5
45.25
43.85
41.3
36.05
27.25
27.05
25.05
23.6
22.9
16.7
16.05
13.65
10.9
10.45
7.05
6.8
6.1
5.6
5.35
0
47.35
47.15
46.2
44.7
44.4
37.45
34.2
30.95
30.4
30.15
29.15
27.15
21.45
12.25
10
6.5
5.2
4.65
3.15
1.45
39.45
end