Layer
20
H
10
Ux
70
Uy
50
n
202
m
912
x
0
0.49
0.77
0.77
0.91
1.54
1.68
1.75
1.96
2.31
2.45
2.8
3.01
3.01
4.13
4.27
4.41
4.62
4.76
4.76
5.04
6.3
6.65
6.79
8.19
8.26
8.47
8.82
9.38
9.52
10.43
10.71
10.85
11.06
11.06
11.27
11.55
11.62
11.9
12.39
12.74
12.74
13.58
13.72
13.86
14
14.63
15.12
16.45
16.73
16.73
17.08
17.92
17.92
18.2
19.95
20.16
20.23
20.44
20.65
20.86
21.84
22.26
22.47
22.54
23.03
23.1
23.45
24.5
24.71
24.85
24.99
25.13
25.48
25.69
26.39
26.53
26.81
26.81
27.02
28.56
28.63
29.05
29.26
29.47
30.52
30.73
31.57
31.92
31.92
32.34
32.48
32.62
33.04
34.02
34.02
34.09
34.3
34.51
34.93
35.21
35.56
35.63
35.77
35.91
36.33
36.96
37.1
37.59
37.66
38.43
38.99
38.99
39.27
39.41
40.11
40.46
40.74
40.81
41.23
41.37
41.58
42.14
43.05
43.61
44.45
44.52
44.52
44.59
44.66
44.73
45.22
45.57
45.92
46.2
46.48
47.18
47.32
47.32
47.88
47.95
48.02
48.79
49.28
50.05
50.68
51.17
51.59
52.15
52.36
52.43
52.43
52.71
52.99
54.04
54.11
54.25
54.46
54.46
55.09
56.07
56.56
57.4
58.1
58.31
59.08
59.29
59.36
59.43
60.34
61.04
61.11
61.18
61.39
61.46
61.6
62.02
62.16
62.3
62.93
63
63.21
63.35
64.12
64.47
64.61
64.68
64.89
65.03
65.24
65.45
65.73
65.8
66.29
66.43
67.41
67.41
68.18
68.53
68.74
68.81
69.44
y
35.35
47.1
35.85
29.25
27.1
17.7
11.6
5.75
4.15
3.2
1.75
44.6
43.6
39.1
36.75
35.9
26.2
23.75
23.55
10.8
1.8
39.65
36.35
34.15
31.4
31.25
30.45
24.5
15.15
2.95
1.6
43.2
39.05
35.05
34.9
34.7
27.4
26.55
25.85
19.55
2
48.3
46.8
45.35
37.5
34.05
29
24.2
8.2
6.8
0.75
44.3
39.3
38.8
37.4
36.4
36.25
29.8
28.85
27.2
24.15
46.6
46.25
44.1
40.2
32.75
27.75
19.15
17.15
12.2
9.5
37.75
35.1
31.15
27.7
24.85
15.15
15
8.5
6.95
2.8
39.1
35.05
21.2
19.3
19.15
16.45
12.95
8.35
1.85
0.3
42.25
29
28.3
25.7
23.7
15.7
12.9
9.2
2.55
0.8
45.3
39.6
39.4
37.7
21.95
17.6
12.55
6.9
5.15
2
49.5
40
38.7
36.95
36.55
28.65
26.9
25.5
8.2
6.65
46.2
45.55
34.7
34.6
31.7
30.5
14.1
10.85
10
3.25
48.1
37.8
29.9
28.9
24.2
24.1
21.95
18
3.75
2.05
46.65
40.8
39.45
38.65
37.4
32.15
21.15
18.65
10.7
5.4
48.85
48.45
45.8
42.65
27.5
26.3
25.15
7.45
6.15
1.2
45.5
34.85
25.2
24.95
22.6
15.45
15.3
10.05
9.5
0.15
41.4
41.3
30.25
29.4
25.55
25.45
21.55
15.75
11.3
6.25
48.8
48.4
43.15
29.35
24.9
21.7
20.9
15.75
11.95
10.2
46.55
38.8
34.3
30
27.25
20.15
18.25
14.45
7.45
0.75
23.65
end