Layer
10
H
20
Ux
70
Uy
50
n
202
m
942
x
1.47
1.54
1.61
2.1
3.01
3.01
3.92
3.92
4.2
4.41
5.18
5.67
5.67
5.74
5.95
6.51
7.07
7.28
7.91
8.26
8.26
8.26
8.54
8.54
8.82
9.73
10.22
10.64
10.92
11.13
11.2
11.62
12.04
12.04
12.39
12.67
13.16
13.16
14.28
14.77
15.54
15.89
15.89
16.1
16.24
16.45
16.73
17.08
17.5
18.06
18.06
18.2
19.32
19.32
19.6
19.74
19.74
20.02
20.09
20.23
21
21.07
21.7
21.91
21.98
22.05
22.54
22.89
23.17
23.24
23.52
23.66
23.87
23.94
24.22
24.43
24.57
25.41
28.77
28.77
29.05
29.12
29.19
29.33
30.45
31.08
31.29
31.64
31.71
31.71
31.85
31.92
32.2
32.41
32.69
32.9
33.18
33.25
33.74
33.88
34.02
34.44
34.65
34.86
34.93
35.14
35.14
36.33
36.96
37.59
37.66
38.64
38.64
39.48
39.55
39.83
39.97
40.46
41.37
42
42.28
42.63
43.89
43.96
44.31
44.45
45.22
45.92
46.06
46.55
46.55
46.62
46.83
46.9
46.9
46.9
48.09
48.3
48.58
48.65
48.79
49.07
49.56
49.77
49.77
49.91
50.47
50.54
52.01
52.15
52.22
52.29
52.36
52.78
54.67
54.95
54.95
55.65
55.79
56.63
56.63
56.77
56.98
57.33
57.4
57.68
57.89
58.17
58.45
58.73
59.01
59.22
59.57
59.71
60.41
60.69
60.9
61.18
61.32
62.51
62.51
62.72
63.07
63.63
63.77
64.05
64.26
64.4
65.03
65.8
66.22
66.36
66.36
66.36
66.71
66.85
67.27
67.34
67.41
67.55
69.65
69.93
y
37.95
43.5
38.9
38.5
35.45
34.85
32.55
29.9
28.15
24.9
23.8
19.7
18.5
16.6
14.9
14.55
14.1
9.45
6.65
6.35
0.6
48.3
46.9
42.6
41.4
34.2
32.75
32.3
25.35
22.8
19.45
18.45
12.85
11.55
9.7
7.55
7.25
6.75
6.6
4.7
1.85
44.6
44.05
43.05
39.8
39.65
39.25
36.6
36.2
35.9
34.15
33.45
21.05
18
17.9
16.05
9.6
6.9
2.3
2.2
1.1
35.55
34.15
32.3
30.15
27.7
27.5
24.45
22.6
18.5
16.35
15.2
14.75
12.1
9.8
6.55
6.1
5.9
3.6
0.9
0.45
49.95
44.35
40.95
37.5
33.45
32.4
30.55
30.25
29.25
26.4
22.7
17.7
14.55
14.4
14.05
13.6
10.95
10.45
10.45
10.3
47.4
45
41.6
41.15
37.6
33.35
26.45
22.2
21.6
20.9
19.8
19.15
18.95
17.45
9.85
8.55
6.2
4.55
2.8
2.65
48.05
47.55
43.75
42.85
42.05
39.45
38.2
37.95
34.9
34.4
29.75
28.25
21.35
18.4
13.75
13.65
12.5
11.95
3.35
1.05
48.8
48.2
41.55
37.95
36.35
34.95
34.25
34.05
33.55
31
28.1
27.15
26.35
25.4
24
22.45
19.9
11.6
10.8
7
46.85
46.3
46
42.75
41.6
41.4
41
36.65
34.9
33.9
27.9
26.3
23.45
21.15
16.2
12.95
10.85
10.05
6.85
5.1
45.8
45
42
35
33.05
32.6
32.3
31.25
30.6
29.25
27.3
25.65
24.4
15.95
14.4
11.65
11.2
8.75
6.2
4.6
31.3
end