Layer
15
H
5
Ux
70
Uy
50
n
77
m
312
x
1.33
2.1
2.17
3.43
3.92
8.61
9.24
9.73
9.8
10.36
10.43
10.85
12.53
12.95
13.93
15.05
15.12
16.1
16.24
16.87
17.85
18.34
19.04
19.88
22.61
23.17
23.87
23.94
25.55
27.3
28.35
28.49
29.19
29.47
29.61
30.38
30.38
31.22
32.13
34.86
35.98
38.71
39.27
39.34
39.76
40.25
40.32
40.39
41.79
42.35
42.63
44.73
47.46
47.67
48.16
49
50.26
50.33
51.31
51.38
51.66
51.94
52.92
57.4
58.38
59.92
60.48
60.55
61.32
62.16
63.49
63.77
64.4
64.75
65.73
66.22
68.88
y
26.7
36
31.75
25.8
22.95
15.5
41.95
41.75
15.8
5.55
2.3
49.1
35.9
24.95
20.85
7.05
40.8
32.15
30.8
28.55
13.15
43.25
30.2
21.65
6.05
4.6
25.2
20.8
17.15
10.3
3.35
42.5
20.3
18.4
4.05
4
49.05
38.15
27.65
8
3.6
36.9
31.9
8.9
4.35
1.2
49.15
39
12.1
11.95
11.35
24.5
22
11.2
6.8
6.1
37.15
29.75
26.2
15.8
6.1
31.35
14.4
6.5
4.8
1.9
42.4
30.95
17.2
12.45
4.95
44.1
41.25
38.05
20.75
15.45
23.55
end