Layer
15
H
10
Ux
70
Uy
50
n
152
m
682
x
0.07
0.14
0.84
1.4
1.68
2.45
2.52
3.22
3.22
4.06
4.48
5.04
5.32
5.46
6.37
6.51
6.93
8.26
8.4
8.75
9.31
10.22
10.99
11.69
12.11
13.37
13.44
14.07
14.07
14.14
14.21
14.28
14.35
15.47
16.1
16.24
16.73
17.15
17.22
18.55
19.04
19.6
21.21
21.49
21.77
23.73
23.87
23.87
24.08
24.15
24.99
25.06
25.2
25.41
26.04
26.6
26.74
27.3
27.51
28.84
29.05
29.47
29.89
30.24
31.15
31.22
31.99
32.41
32.97
33.18
33.74
33.74
34.86
34.93
35.35
35.7
36.68
36.89
37.31
37.38
37.94
38.01
39.76
40.18
40.32
40.6
40.6
40.67
41.09
41.51
42.28
42.42
43.33
43.47
43.61
44.45
44.66
46.27
46.55
46.76
46.97
47.39
47.81
48.93
48.93
49.28
49.35
49.56
49.7
50.19
50.82
51.59
51.73
51.73
52.36
52.5
53.34
53.97
54.11
54.39
55.86
56.91
57.26
57.4
57.89
58.03
58.1
58.24
58.59
59.01
59.43
59.78
60.13
60.76
61.11
62.02
62.79
62.79
63.07
63.21
64.12
64.19
64.75
65.59
66.01
68.32
68.67
68.88
68.88
69.65
69.79
69.79
y
14
45
39.95
37.55
35.8
28.45
23.45
19.05
18.1
13
6.25
40.9
31.4
31.1
30.4
24.9
24.2
22.2
21.9
8.7
8.7
39.75
35.65
33
28.85
22.15
17.2
15.55
13.6
4.7
0.45
49.45
45
43.6
39.05
37.15
36.4
19.25
16.15
1.75
1.2
42.15
33.45
26.55
24.25
21.35
16.45
10.1
5.15
3
1.65
48.7
37.5
33.85
32.5
24.6
20
16.15
8.1
7.25
4.2
44.5
41.9
37.95
22.3
21.65
12.35
6.6
6.5
0.85
0
48.15
44.85
40.5
33.25
28.35
23.35
15.55
4.55
2
1.85
39.9
36.35
29
25.4
19.65
18.35
12.8
11.05
1.8
0
45.1
38.05
35.4
34.75
33.15
22.25
11.45
7.9
4
1.45
45.75
33.5
32.25
25.85
25.7
24.05
19.1
12.85
6.2
4.75
49.75
46.7
45.7
23.1
17.85
13.25
12.6
12.3
9.4
7.55
43.8
36.3
27.75
26.95
20.55
12.3
8.25
0.6
0.6
0.35
39.2
37.6
36.85
33.1
26.95
17.85
17.45
14.05
8.6
7.65
46.2
38.3
36.7
25.5
23.95
18.1
10.2
5
4.7
4.4
45.5
end