Layer
10
H
20
Ux
70
Uy
50
n
202
m
942
x
0.14
0.21
0.28
0.98
0.98
1.05
1.05
1.26
1.61
1.68
2.24
3.92
3.99
4.2
4.62
5.6
5.95
6.09
6.3
6.58
6.58
7.42
7.56
7.77
8.75
9.52
9.59
9.73
9.73
10.08
10.22
10.29
10.29
11.97
11.97
12.25
12.95
14.21
14.63
14.77
15.05
15.19
15.47
15.75
15.82
16.1
16.94
17.08
17.15
17.22
17.36
17.5
17.57
17.85
18.48
18.55
18.69
18.97
19.11
19.67
19.95
19.95
20.09
21.14
21.21
22.05
22.82
23.03
23.17
23.38
23.73
24.15
24.36
24.5
24.5
24.71
25.27
25.62
26.11
26.39
26.88
27.16
27.3
28.21
28.63
28.7
29.05
29.12
29.26
29.75
30.03
30.1
30.66
30.66
31.15
31.22
31.29
31.57
31.99
32.2
32.41
32.76
33.11
33.74
33.88
34.16
34.23
34.72
34.93
35
36.68
36.96
37.31
38.01
38.15
38.22
38.22
39.55
40.25
40.53
40.6
40.88
41.23
41.23
41.65
42.49
42.56
42.63
43.19
43.96
44.03
44.31
45.43
45.5
45.71
45.71
45.99
46.06
46.9
46.97
47.11
47.39
47.88
48.58
49
49.21
49.28
49.63
49.91
49.98
50.12
50.47
50.47
50.54
50.61
51.87
51.94
52.71
52.85
52.92
53.48
53.83
54.39
54.6
54.74
54.81
54.88
55.23
55.23
55.65
56.56
56.98
57.12
57.47
58.31
59.01
60.34
60.83
61.04
62.51
62.58
62.72
63.84
63.84
64.68
65.17
65.66
65.66
65.8
65.87
66.01
66.43
66.43
66.5
66.85
66.99
67.34
68.11
68.46
68.67
68.88
68.95
y
20.55
46.5
46.05
42.05
39.9
38.5
38
37.8
31.95
29.85
27.7
26.85
25.85
25.5
21
19.65
17.7
6.8
3.95
3.8
2.3
45.75
45.45
43.15
42.65
39.15
37.45
36.35
33.25
32.2
30.2
26.1
25.3
23.4
19.2
16.55
15.4
12.85
8.85
3.4
1.75
49.7
45.55
40.9
36.55
34.4
34.15
33.55
32.65
24.6
22.35
20.7
18.7
14.7
8.25
5.95
5.1
4.3
3.9
2.7
1.75
39
38.9
35.1
31.7
31.6
30.8
30.65
27.4
26.3
22.15
21.7
19.15
14.55
12.95
11.5
10.8
10.05
8.2
5.6
4
49.65
43.55
43.4
36.8
33.05
32.4
32.35
29.3
23.1
22.8
17.8
16.45
8.95
4.9
4.5
1.6
1.3
1
0.85
0.05
47.85
45.3
41.2
40.4
34.8
34.55
29.7
27.55
21.2
20.05
18.1
16.75
14.05
13.9
12.75
4.5
4
1
0.8
0.3
49.25
47.55
46.1
45.85
42.05
37.2
36.25
32.65
29.85
23.2
22.55
21.55
20.75
14.6
11.55
7.95
6.3
3.8
1.6
0.25
48.55
47.15
46.25
45.8
40.15
35.05
33.85
27.45
26.4
20.35
16.1
15.1
11.4
11.25
9.5
3.1
2.35
1.3
1.2
0.25
48.3
46.55
40.7
39.6
37.7
29.6
27.95
27.2
25.5
24.3
23.9
23.3
20.6
18.6
16.4
16.15
13.7
10
7.25
7.25
49.2
48.85
47.7
44.65
44.6
38.85
38.55
36.6
34.4
34.15
30.7
27.25
16.35
15.65
12.75
6.6
6.3
3.75
2.85
2.75
35.9
end