Layer
10
H
20
Ux
70
Uy
50
n
202
m
942
x
0.77
1.68
1.89
2.45
2.59
4.41
5.04
5.11
5.25
5.46
5.95
6.02
6.16
7.63
7.77
8.05
8.12
8.82
8.89
9.17
9.38
9.94
9.94
11.27
11.41
12.11
12.25
12.25
12.25
13.09
13.16
13.65
13.79
13.86
14.42
14.98
15.19
15.82
16.1
16.31
17.29
17.43
17.5
18.27
18.69
18.69
18.76
19.6
19.95
20.23
20.3
20.51
20.58
20.65
21.77
21.77
22.33
22.54
23.24
23.24
23.66
24.78
24.85
24.85
24.92
25.55
25.62
25.97
26.04
26.25
26.53
26.74
27.16
27.44
28
28
28.63
28.84
28.98
28.98
29.19
29.4
29.47
29.61
29.89
30.1
30.94
32.06
32.9
32.9
32.9
32.9
33.25
33.67
33.81
34.23
34.44
34.58
35.49
36.68
36.89
37.03
37.24
37.52
37.52
37.73
38.01
38.01
38.08
38.36
38.57
38.99
39.06
39.41
39.55
39.97
40.18
40.74
41.65
42.91
43.54
43.82
43.89
44.03
45.85
46.13
46.48
46.62
46.76
46.83
47.53
48.16
48.86
48.93
49.14
50.19
50.26
50.26
50.47
50.54
50.61
50.82
52.5
52.57
52.64
53.2
53.27
54.11
54.46
54.81
54.81
54.88
54.95
54.95
55.3
55.37
55.86
55.86
55.86
56.07
56.14
56.49
56.63
56.77
56.98
57.19
57.61
57.96
58.03
58.59
58.59
59.01
59.15
59.29
59.36
59.57
60.2
61.39
61.67
61.74
61.81
62.37
62.72
62.72
63.28
64.33
64.47
65.1
65.52
66.64
67.2
67.34
67.62
67.97
68.25
68.53
68.81
68.88
69.02
69.23
69.65
69.86
y
25.15
45.85
42.85
37.75
37.1
33.35
27.75
27.7
27.45
27.1
25.05
24.1
22.85
15.95
13.25
11.85
7.8
7.35
3.85
2.35
2
48.75
47.85
45.15
44.2
42.55
41.05
39.75
38.95
35.1
31.2
30.4
28.65
24.4
20.1
18.9
17.65
14.55
13.5
5.65
3.2
47
44.6
44.35
43.95
41.5
40.9
34.5
28.95
28.25
25.6
20.85
15.95
15.9
15
13.3
13.1
11.45
10.55
2.95
1.8
47.9
46.8
43.35
42.25
40.6
38.45
36.2
31.8
30.4
29.7
29.25
28.4
25.05
14.15
13.35
11.3
10.95
8.85
8.7
1.75
46.3
42.45
39.35
35.75
32.45
30.7
29.85
29.35
29.25
26.95
25.4
20.2
18.85
14.05
13
10.55
5.8
3.25
1.5
1.05
45.7
44.9
34
33.85
26.3
25.3
24.95
24.6
24.15
22.65
20.9
20.2
18.25
16.5
15.7
9.4
8.7
3.85
3.1
2.25
44.8
44
42.9
37.6
37.45
34.85
30.2
28.6
19.9
18.65
15.15
14
10.9
10.8
8.2
7.45
5.35
3
2.4
0.95
49.6
49.2
43
40.25
38.45
36.05
29.05
27.1
26
24.4
23.85
19.5
18.5
16.5
14.05
6.05
5.5
5.1
3.55
0.45
49.8
49.05
48.35
47.05
44.55
43.7
39.45
38.6
37.8
30
27
22
17.35
16.05
8.5
7.8
6.95
6.45
3.55
3
46.3
46
41.7
38.65
36.35
34.95
32.55
29.15
27.8
26.8
20.2
19.15
15.9
14.5
10.4
7.45
6.8
3.4
1.6
0.85
16.05
end