Layer
20
H
20
Ux
70
Uy
50
n
402
m
1902
x
0.49
0.49
0.7
0.84
1.05
1.19
1.26
1.4
1.68
2.1
2.17
2.31
2.38
2.52
2.52
2.59
2.66
3.01
3.22
3.22
3.43
3.43
3.57
3.78
3.85
4.34
4.34
4.41
4.48
4.55
4.76
4.83
5.11
5.18
5.32
5.6
5.67
5.88
6.09
6.16
6.23
6.23
6.37
6.51
6.58
6.72
7.21
7.28
7.49
7.56
8.05
8.33
8.33
8.4
8.4
8.82
9.24
9.31
9.31
9.52
9.87
9.94
10.29
10.29
10.43
10.5
10.71
10.78
10.85
10.99
11.06
11.27
11.62
11.97
12.11
12.39
12.53
12.6
12.6
12.6
12.67
12.74
12.88
12.88
12.95
13.09
13.16
14.07
14.35
14.42
14.42
14.63
14.7
14.7
14.77
14.84
15.4
15.47
15.61
15.61
15.61
15.68
16.1
16.17
16.31
16.66
16.94
17.08
17.15
17.15
17.5
17.92
17.99
18.06
18.13
18.2
18.41
18.41
18.41
18.55
18.55
18.62
18.62
18.83
18.83
18.97
19.11
19.39
19.74
20.02
20.16
20.23
20.37
20.44
20.65
20.72
20.93
21
21.07
21.07
21.07
21.21
21.35
21.42
21.63
21.7
21.77
22.33
22.47
22.61
22.61
22.89
22.96
23.45
23.45
23.45
24.08
24.57
24.85
24.99
25.34
25.41
25.55
25.55
25.69
25.83
26.18
26.25
26.32
26.6
26.6
26.88
27.23
27.37
27.44
27.72
28.07
28.28
28.28
28.42
28.56
28.56
28.84
28.84
28.91
29.05
29.4
29.4
29.54
29.89
30.17
30.31
30.52
30.73
31.15
31.15
31.36
31.85
31.85
31.92
32.27
32.48
33.11
33.18
33.46
33.88
33.88
33.95
33.95
34.72
34.93
35
35.07
35.35
35.35
35.77
35.77
35.91
35.98
36.05
36.19
36.4
36.47
36.54
36.54
36.68
36.68
36.89
36.89
36.96
36.96
37.03
37.31
37.59
37.59
37.8
38.01
38.08
38.08
38.36
38.5
38.64
39.48
39.55
39.76
39.76
39.97
39.97
40.46
40.6
40.88
40.95
41.02
41.09
41.58
42.14
42.42
42.49
42.63
42.77
42.77
42.84
43.33
43.47
43.54
43.68
43.82
44.31
44.31
44.45
44.52
44.8
44.87
44.94
45.08
45.5
45.71
45.85
45.85
46.27
46.27
46.41
46.41
46.48
47.04
47.11
47.11
47.25
47.25
47.81
47.95
48.09
48.23
48.3
48.37
48.44
48.65
48.72
48.79
49.21
49.21
49.49
49.56
49.56
49.7
49.84
49.91
50.19
50.4
50.47
50.75
51.03
51.1
51.17
51.31
51.87
52.22
52.5
52.57
52.71
52.92
52.99
53.06
53.06
53.06
53.06
53.13
53.13
53.34
53.41
53.41
53.55
53.55
54.04
54.11
54.32
54.46
54.53
54.74
55.16
55.16
55.16
55.37
55.44
55.51
55.72
55.79
56.07
56.28
56.35
56.77
56.91
57.19
57.19
57.26
57.33
58.31
58.38
58.59
59.15
59.57
59.78
60.55
60.76
61.88
61.95
62.02
62.09
62.37
62.51
62.51
62.58
63.49
64.47
64.54
64.61
64.75
64.96
65.24
65.45
65.8
65.94
66.15
66.29
66.43
66.5
66.5
67.06
67.2
67.48
67.69
68.53
68.95
68.95
69.02
69.23
69.23
69.44
69.44
69.58
69.72
69.72
y
41.05
49.8
41.95
35.55
30.75
28.65
28.4
27.25
26.3
24.6
22.85
20.2
19.3
14.65
12.7
12.6
11.45
11.1
9.95
8.85
4.05
49.7
49
46.8
36.6
32.8
29.35
28.75
26.8
19.4
18.85
17.55
15.45
12.3
11.3
11.05
10.3
7.35
4.05
3.4
2.8
48.9
45.35
44.2
36.15
32.15
30.55
29.75
26.85
26.75
25.6
25.6
22.05
18.25
11.35
7.75
3.25
2.6
1.6
0.7
0.1
49.85
46.05
42.9
41.9
41.5
35.65
32.85
29
21
19.45
18.75
16.65
16.35
14.15
13.6
13.15
10.65
5.55
5.45
0.65
48.15
46.25
40.5
39.4
36.7
30.25
30.2
23.65
16.4
15.4
14.2
14.1
13.35
12.55
8.5
7.45
7.3
5.55
3.65
3.5
48.45
47.8
41.6
39.8
33.9
28.85
27
24.1
23
22.15
19.15
17.9
17.8
16.6
8.65
7.25
4.95
4.85
4.05
2.55
49.55
48.35
48.15
47.8
47.8
44.8
42.25
35.7
29.9
26.75
25.45
21.85
20.8
16.7
13.3
8.2
7.45
4.35
1.2
1.05
46.1
45.65
39.1
37
33.15
33.05
31.95
31.6
31.1
29.55
29.3
27.75
24.35
22.15
7.2
4.05
3.7
2
1.15
0.9
46.75
41.35
40.05
38.8
37.9
36.4
33.55
31.05
26
24.45
20.4
18.15
16.2
13.6
12.55
6.1
5.6
1.75
1.45
1.3
48.45
45.6
40.25
37
36.45
35.55
34.85
31.65
27.1
25.15
23.95
19.8
16.85
11.45
10.55
7.55
5.15
5
3
2.1
48.95
48.8
44.75
42.4
40.8
40.55
30.5
27.3
24.35
22.1
20.25
19.7
17.6
15.6
10.95
7.6
5.95
4.65
2.5
2.4
48.05
46.45
45
44.7
39.35
36.9
35.8
34.7
33.75
30.6
30.5
28.8
27.95
23.75
15.85
12.55
10.75
10.05
4.7
1.45
49.35
47.4
45.55
42.7
41.35
40.45
38.25
38.25
36.5
34.7
30.5
29.35
25.05
20.55
20.25
19.95
14.05
9.85
6.05
2.1
47.6
41.2
40.05
37.95
34.55
27.1
25.7
23.8
20.75
19.5
15.95
15.1
13.95
11.45
8.75
8.1
5.3
1.6
1.15
0.2
47.85
46.45
42.3
38.55
38.3
31.7
30.1
24.4
23.55
21.2
20.35
20.2
17.3
15.65
11.95
8.95
7.95
5.05
4.9
3.15
48.75
46.75
44
42.75
41.7
40
35.25
33.95
27.2
25.9
23.9
22
19.6
18.4
17.15
17
5.3
4.4
2.8
2
49.05
47.4
46.65
46
37.05
36.4
33.4
31.9
30.7
28.55
24.05
23.7
22.5
22.4
16.25
11.2
8.5
7.3
7.1
0.6
49.4
48.15
47.9
47.35
41.9
41.7
39.95
36.1
35.2
34.8
34.3
34.15
32.85
31.4
30.95
30.6
25.95
11.4
10.3
8.15
49.6
46.65
46.45
45.4
45.35
43.4
41.3
36.9
35.1
33.9
32.15
29.05
24.85
24.05
15.25
14.45
13.45
13.05
2.05
1.4
41.3
39.2
38.8
36.85
36.7
34.35
34.25
31.35
31.1
25.95
24.85
20.6
15.3
12.3
12.15
7.8
3.45
2.75
1.9
1.15
12.15
end