Layer
20
H
20
Ux
70
Uy
50
n
402
m
1902
x
0
0.07
0.21
0.7
0.91
1.05
1.19
1.33
1.4
1.4
1.47
1.47
1.82
1.82
1.96
2.03
2.17
2.17
2.24
2.66
2.73
3.29
3.85
3.92
4.13
4.27
4.27
4.48
4.55
4.62
4.69
4.76
4.83
4.9
5.11
5.53
5.74
5.88
6.37
6.51
6.58
6.65
6.72
6.93
6.93
7.14
7.21
7.28
7.35
7.42
7.49
7.56
7.56
7.77
7.98
8.05
8.05
8.12
8.4
8.68
8.82
9.03
9.31
9.59
9.73
9.73
9.87
10.08
10.15
10.22
10.29
10.71
10.78
10.78
10.85
10.85
11.06
11.55
11.62
12.11
12.18
12.25
12.46
12.46
12.53
12.67
12.81
13.37
13.72
14
14.28
14.56
14.63
14.98
15.12
15.4
15.61
15.75
15.89
16.03
16.03
16.17
16.66
16.94
17.01
17.22
17.29
17.43
17.57
17.64
17.85
17.92
18.06
18.55
18.9
19.04
19.04
19.11
19.53
19.88
19.88
20.09
20.09
20.3
20.3
20.37
20.58
20.58
20.58
20.65
20.72
20.93
20.93
21.07
21.14
21.21
21.28
21.49
21.56
21.56
21.63
22.33
22.61
22.61
22.75
22.82
23.03
23.03
23.45
23.66
23.73
23.94
24.01
24.01
24.29
24.29
24.5
24.99
25.34
25.41
25.55
25.55
25.62
25.62
25.62
26.04
26.04
26.11
26.18
26.46
26.67
26.95
26.95
27.3
27.3
27.51
27.58
27.72
28.14
28.21
28.35
28.42
28.77
28.77
29.26
29.33
29.4
29.4
29.4
29.61
29.68
29.96
30.38
30.38
30.8
30.94
31.01
31.01
31.22
31.43
31.43
31.43
31.78
31.78
31.78
31.92
31.99
32.06
32.13
32.13
32.69
32.76
33.53
33.6
33.6
33.67
33.74
33.81
33.88
34.02
34.02
34.37
34.44
34.65
34.72
34.93
35
35
35.07
35.28
35.28
35.49
36.05
36.19
36.26
36.33
36.47
36.75
36.82
37.38
37.52
37.73
37.87
38.01
38.08
38.15
38.36
38.57
38.85
38.92
38.99
38.99
39.41
39.48
39.69
40.04
40.32
40.6
40.74
40.81
41.16
41.16
41.23
41.3
41.58
41.79
41.93
42.07
42.14
42.21
42.28
42.49
42.56
42.77
42.91
43.19
44.03
44.17
44.24
44.52
44.59
44.66
44.66
44.87
45.01
45.08
45.22
45.5
45.99
46.13
46.34
46.48
46.55
47.11
47.18
47.25
47.32
47.46
47.74
47.81
48.93
49.14
49.49
49.77
50.33
50.82
51.03
51.24
51.38
51.45
51.59
51.59
51.8
52.5
52.64
52.64
52.78
52.85
52.85
53.76
53.9
53.97
54.04
54.04
54.11
54.18
54.25
54.39
54.88
55.02
55.09
55.16
55.23
55.3
55.37
55.72
55.72
56
56
56.14
56.49
56.49
56.56
56.63
56.63
56.91
57.12
57.75
57.96
58.03
58.24
58.59
58.59
58.66
58.73
59.01
59.01
59.43
59.64
59.78
59.99
60.2
60.41
61.81
61.95
62.16
62.79
62.79
62.93
63.35
63.49
63.77
64.05
64.4
64.82
65.17
65.17
65.17
65.17
65.31
65.31
65.38
65.66
65.94
66.43
66.85
66.92
66.99
67.06
67.62
67.69
67.9
68.32
68.32
68.39
68.53
68.53
68.53
69.44
69.44
69.51
69.93
y
17.65
47.65
44.3
41.65
41.4
40.55
38.25
35.9
26.95
25.25
23
21.25
16.6
13.65
12.95
11.35
5.75
5.65
2.05
1.8
1.5
47.7
38.25
33.7
31
30.7
30.15
27.3
26.65
26.5
21.35
20.1
19.05
16.8
15.4
12.55
9.7
7.85
5.45
4.3
0.7
44
43
40.55
39.85
39.8
38
27
21.6
17.45
17.35
16.5
12.85
8.6
8.4
8.4
6.8
6.1
3.85
2.2
1.15
49.9
48
46.3
43.15
43.05
39.5
37.8
36.05
34.1
32.85
24.25
21.1
19.65
15.6
12.45
10.45
8.25
6.4
4
2.1
49.85
48
46.45
45
42.15
24.8
22.2
17.8
17.8
17.5
11.25
8.75
8.6
7.05
5.55
5.45
4.5
3.35
2.95
2.5
48.4
48.35
45.2
44.8
42.35
39.2
38.35
28.7
27.85
26.55
26.1
24.05
20.6
18.2
12.5
11.8
9.4
1.9
1.35
0.25
41.35
39.85
37.7
35.75
31.15
29.25
17.15
13.2
12.95
11.75
11.45
11.2
11.15
9
7.5
6.2
4.85
0.65
0.25
0.05
46.1
46
43.2
41.35
35.75
33.8
31.05
28.2
26.95
23.5
20.95
19.15
18.05
17.7
12.8
12.05
7.15
6.2
3.85
2.4
49.95
48.55
48
46.7
40.95
39.75
39.05
34.55
28.55
26.3
23.3
19.75
19.3
15
14.6
11.95
5.8
5.55
2.2
0
49.2
49.1
48.95
47.85
46.25
41.55
40.6
39.5
30.5
25.6
25.5
19.9
17.15
16.15
12.6
11.65
11.45
11.4
10.25
6.05
46.3
45.85
44.85
43.6
43.4
43.4
37.2
37
35.4
35.3
33.3
33.2
23.1
16.05
11.35
9.45
8.4
6.6
6.4
2.05
48.6
47.85
47.45
45.75
45.65
43.05
39.35
38.55
35.75
31.6
29.1
27.85
26.6
24
17.5
12.95
12.25
5.75
4.75
3.45
49.75
46.65
46.65
35.85
35.65
34.75
34.05
28.85
28.2
27.35
27.25
20.65
16.85
14.25
13.75
13.45
11.15
10.65
4.1
3.1
36.95
35.8
34.1
31.5
30.45
30.15
27.05
25.35
21
20.8
18.25
13.1
11.05
11
8.75
6.9
6.05
3.8
1.3
0.85
49.05
44.45
44.3
42.3
40.05
38.5
35.05
22.55
21.4
20.9
19.45
17.15
16.85
11.1
8.6
7.3
6.95
6
3.25
0.4
48.9
47.45
47.05
46.9
46.25
45.1
42.05
37.4
24.35
21.8
18.35
17.65
17.15
16.35
15.7
13.45
12.05
6.2
3.85
2.7
40.15
39.95
39.85
38.75
38.4
36.5
30.4
28.4
28.3
21.95
21.15
16.4
15.15
12.55
12.55
10.2
6.8
5.8
2.55
1.85
44.45
41.75
41.75
40.3
39.55
33.2
33.1
32.3
29.8
25.35
25.35
15.7
12.6
10.25
8.05
7.15
6.35
4.55
3.95
0.15
48.75
43.25
41.75
39.2
38.45
33.75
29.85
29.75
28.25
23.15
21.15
19.75
18.75
17.55
14.8
10.4
9.15
7.65
5.5
4.75
48.65
48.05
45.85
44
43.7
43.3
31.25
28.5
27.65
25.15
25
23.7
22.9
21
20.25
15.45
14
11.05
6.35
2.1
38.35
end