Layer
20
H
15
Ux
70
Uy
50
n
302
m
1407
x
1.82
2.66
2.73
2.73
2.8
2.87
3.01
3.64
3.99
4.06
4.34
4.34
4.9
5.11
5.11
5.11
5.18
5.32
5.6
5.67
5.81
5.88
6.02
6.02
6.09
6.3
6.44
6.65
6.65
6.72
6.86
7
7.07
7.14
7.28
7.49
7.56
8.12
8.19
8.19
8.4
8.54
8.61
8.75
8.75
8.89
8.96
8.96
9.38
9.94
10.22
10.36
10.43
10.57
10.78
10.92
11.41
11.69
11.83
12.11
12.11
12.46
12.74
12.74
12.95
13.51
13.58
13.65
13.93
14.14
14.14
14.21
14.91
15.12
15.19
15.33
15.4
15.47
15.54
15.89
15.89
15.89
16.8
16.8
17.22
17.64
17.71
18.27
18.55
18.69
18.83
18.97
19.39
19.67
19.74
19.81
20.37
20.72
20.86
20.93
20.93
21.84
22.54
22.68
22.75
22.89
22.96
23.45
23.87
24.08
24.08
24.15
24.36
24.43
24.57
24.57
24.78
25.34
25.41
25.97
26.11
26.18
26.95
27.93
28.14
28.21
28.56
28.56
28.56
28.84
28.98
28.98
29.4
29.47
29.47
29.75
29.82
30.8
30.87
31.15
31.85
32.13
32.13
32.27
32.48
32.48
32.55
32.69
32.83
33.53
33.81
34.02
34.23
34.44
34.65
34.86
35
35.14
35.28
35.56
35.7
35.98
36.4
36.54
36.68
37.24
37.66
37.87
38.15
38.43
38.57
38.78
38.92
39.34
39.34
39.41
39.48
39.55
39.55
40.11
40.32
40.67
41.02
41.86
41.86
41.93
42.35
42.7
42.91
42.98
42.98
43.26
43.33
43.47
43.82
44.24
44.31
45.08
45.43
45.78
45.92
46.69
46.83
46.9
47.11
47.11
47.11
47.25
47.6
47.74
48.09
48.16
48.37
48.51
49.56
49.77
49.84
50.54
50.75
50.75
51.8
51.8
52.08
52.22
52.85
53.48
53.48
53.69
54.32
54.67
54.74
54.81
54.88
55.02
55.02
55.37
55.44
55.51
55.72
55.79
56.07
56.91
57.33
57.4
57.47
57.61
57.96
58.31
58.38
58.8
59.15
59.36
60.2
60.34
60.55
60.69
60.76
60.97
61.04
61.25
61.32
61.95
62.09
62.37
63.07
63.07
63.14
63.35
63.49
63.49
63.7
63.84
63.98
64.05
64.19
64.26
64.33
64.68
65.31
65.38
66.15
66.15
66.22
67.06
67.2
67.9
67.97
68.11
68.25
68.32
68.46
68.74
68.74
68.74
68.81
68.88
69.02
69.58
69.65
69.79
69.86
69.93
y
30.05
49.85
48.45
38.5
36.9
36.5
32.95
32.4
30.8
29.25
22.8
22.65
22.6
17.05
15.35
5.6
49.8
41.25
40.75
39.4
34.25
31.65
30.8
29.3
28
25.9
20.95
17.85
8.9
8.8
6.75
46
43.6
26.25
25.65
22.25
15.4
13.1
11.75
11.45
9.9
5.45
5.4
5.35
1.95
0.25
49.55
47.65
46.05
43.45
42.75
38.95
33.4
32.85
32.3
32.15
19.45
15.45
5.6
5.35
4.4
44.2
44.1
38.5
38.1
36.3
35.3
34.95
28.35
22.95
20.85
18.85
15.35
6.95
3.8
3.45
47.9
44.3
42.7
42.45
39.95
34.8
30.35
29
27.05
21.05
16.9
14.05
13.65
9.2
2.65
39.45
37.35
37.3
32.7
27.05
24.35
20.55
15.4
13.2
11.85
11.75
10.05
5.65
3.25
3.2
48.05
47.55
44.6
42.2
41.25
35.15
32.85
31
30.9
26
21.65
20.8
9.25
7.7
7.25
45.35
43.05
35.75
32.9
28.95
17.4
15.25
14.65
14.1
11.8
11.5
8.45
7.7
5.35
4.05
45.1
42.75
32.15
30.3
25.55
24.85
16.85
16.7
10.85
10.7
9.6
5.35
4.35
3.65
0
48.45
46.25
44.5
33.8
33.35
29.8
28.5
28.05
23.7
22.65
18.55
9.75
8.8
2.1
0.65
49.6
48.5
47
46.05
45.95
39.95
34.7
23.7
15.75
14.65
13.9
12.75
11.7
5.3
4.55
48
47
43.25
42.9
34.95
31.95
30.85
27.85
25.8
23.45
22.05
19.85
17.75
6.65
0.55
41.8
41.35
38.25
36.45
34.75
33.2
28.1
25.9
24.25
22.2
17.45
16.7
11.4
6.5
2.05
49.05
38.85
37.4
35.8
32.1
30
24.85
21.55
17.2
13.95
6.65
2.9
2.45
0.95
0.1
46.75
45.6
45.1
42.35
37.7
34.75
27.85
26.6
17.75
17.35
15.85
15.2
10.4
1.2
1.2
48
43.65
36.2
31.15
30.75
21.95
19.75
12.6
12.15
9.5
6.95
3.95
3.7
1.65
0.95
49.8
43.75
40.6
39.65
39.1
38.85
23.45
22.8
22.25
20.95
17.75
12.6
12.5
10.7
4.65
48
43.75
41.6
39.45
36.45
33.1
29.4
27.7
27.2
21.95
19.4
16.35
10.55
7.45
1.15
42.4
41.45
38.95
37.05
36.4
36
35.1
34.6
27.5
24.4
21.4
18.35
17
5.9
5.2
8.15
end