Layer
20
H
10
Ux
70
Uy
50
n
202
m
912
x
0
0.28
0.56
1.75
3.71
3.85
3.92
4.13
4.34
4.41
4.69
4.76
4.83
6.79
6.86
7.14
8.12
8.75
8.89
9.17
9.38
9.52
9.66
10.01
10.92
11.13
11.2
12.04
12.74
12.88
12.95
12.95
13.44
13.51
13.58
14
14.35
14.56
14.7
14.7
15.05
15.12
15.89
16.17
16.52
16.73
16.8
16.94
17.08
17.36
17.64
17.78
17.85
18.48
18.62
18.69
18.9
19.11
19.39
19.67
19.95
19.95
20.16
20.51
20.72
20.79
20.93
21
21.35
21.49
21.56
22.05
22.33
22.68
22.82
23.1
24.01
24.08
24.15
24.43
24.71
24.92
25.34
25.55
25.76
25.97
26.18
26.6
26.67
27.23
27.44
28.21
28.7
28.84
29.19
29.96
30.59
30.73
30.73
30.87
31.71
31.92
32.13
32.2
32.2
32.62
33.88
34.02
34.51
34.72
35.42
35.7
36.19
37.1
37.17
37.31
38.08
38.29
38.36
39.13
39.62
40.32
40.53
40.6
40.6
41.02
41.51
41.65
42.28
42.35
42.35
42.49
43.12
43.26
43.82
44.8
44.8
45.78
45.92
45.92
46.2
46.9
46.97
47.39
47.39
47.81
48.09
49.28
49.63
49.77
50.4
50.75
51.24
51.87
52.5
52.78
52.99
54.39
54.39
54.88
55.44
55.72
55.79
55.86
56.98
58.1
58.31
59.08
59.22
59.64
60.69
61.46
61.53
62.09
62.16
62.23
62.3
62.44
62.65
63
63.21
63.35
63.63
63.84
63.98
64.05
64.4
64.54
65.03
65.73
66.15
66.36
66.71
67.27
67.62
67.76
67.97
68.32
69.23
69.51
69.79
69.86
y
22.35
48.3
47.8
45.25
45
42.85
29.8
27.1
23.6
12.25
1.45
43.8
35.6
28.8
23.95
23.25
22.35
18.95
18.1
14.6
2.25
49.15
48
42.65
22.75
21.1
18.65
16.65
10.75
9.25
5.6
44.85
42.1
38.7
35.55
29.1
25.45
14.4
5.5
3.75
2.55
48.25
43.5
35.4
30.85
23.75
15.35
11.15
7.45
4.45
1.8
48.75
47.45
45.55
43.65
42.6
42.45
40.35
19.9
16.45
9.9
42.85
42.35
39.4
29.6
27.4
20.35
18.15
11.85
5.7
4.5
37.3
32.3
30.7
25.95
22.75
17.75
7.75
3.85
3.25
2.45
28.85
24.6
24.55
23.25
13.3
10.4
8.6
4.25
3.1
0.9
37.9
30.55
28
27.65
24.05
22.35
17.7
16.8
14.85
13.1
47.85
45.6
40.55
33.45
33.2
23.5
18.7
15.7
14.65
6.05
46.9
42.3
31.4
27.45
26.6
24.25
23.55
15.15
11.5
4.65
49.9
44.05
42.7
37.05
34.05
34.05
25.65
18.3
14.9
5.5
49.35
49.1
43.45
36.6
35.05
15.6
15.4
8.2
2.35
1.05
48
27.8
27.45
27.3
15.85
13.05
7.7
5.8
1.15
0.7
36.65
36.45
23.4
23
20.65
10.9
9.65
9.3
2.65
0.55
49.95
49.25
47.55
43.8
36.25
32
28.45
20.9
16.25
15.35
49.1
43.75
37.65
34.7
26.75
26.25
16.2
8.8
7.8
7.25
45.55
42.25
33.55
33.3
32.85
29.75
21.6
4.4
0.65
0.65
40.75
38.35
37.2
26.6
11.8
9
4.8
4.3
2
1.2
23.4
end