Layer
20
H
5
Ux
70
Uy
50
n
102
m
417
x
1.19
1.68
3.57
3.64
4.62
4.69
5.04
5.39
5.6
5.6
6.16
7.42
8.47
8.82
8.82
10.08
10.15
11.41
11.9
13.44
13.72
14.07
14.28
15.47
16.31
16.31
18.27
18.34
18.48
19.11
20.44
20.72
21.49
21.56
21.7
23.52
24.08
24.71
25.2
27.16
27.65
27.79
27.86
28.14
29.54
30.31
30.66
30.8
30.94
31.64
31.71
32.83
33.04
33.11
33.53
34.02
34.37
36.26
36.89
37.1
38.57
39.34
39.9
40.04
41.51
41.51
41.86
43.89
44.03
44.38
44.8
46.34
48.3
49.35
51.52
51.59
52.22
52.99
53.62
53.69
54.25
54.95
55.16
56
56.35
56.56
56.63
56.63
58.38
59.57
59.78
60.2
60.62
62.44
62.51
63.21
63.28
63.84
67.34
68.18
69.44
69.86
y
32.1
42.15
27.3
27.05
3.75
3.7
43.95
29.5
24.2
13.25
5.8
38.35
34.15
21.8
17.85
0
35.1
32.65
32.35
9.6
1.55
45.65
33.5
25.35
15.35
4.85
43.15
39.05
22.25
21.8
7.65
46.4
45.75
41.2
37.15
3.2
42.25
41.6
36.75
15.95
8.2
47
39
34.65
24.75
24.3
41
40.55
26.8
25.65
7
47.35
37.7
20.35
16.4
12.75
35.3
34.95
20.8
7.05
5.95
31.75
30.2
23.3
6.6
3.4
43.05
18.2
15.35
12.7
1.4
42.5
25.15
22.85
14.8
2.35
45
38.35
23.5
15.05
9.55
43.8
40.15
33.15
23.25
0.6
47.75
39.75
11.3
2
0.35
33.9
21.45
12.9
9.4
5.45
33.85
24.25
11.75
4.75
1.95
37.25
end