Layer
5
H
15
Ux
70
Uy
50
n
77
m
342
x
0
1.19
1.19
1.96
2.17
2.52
2.59
2.87
4.55
4.83
5.18
5.6
5.88
8.05
8.19
8.26
8.54
9.17
9.8
13.02
13.02
14.77
14.98
15.47
16.1
17.22
18.13
19.32
20.3
21.49
24.08
24.78
26.74
27.3
27.58
28.42
28.56
29.61
31.85
33.32
35.28
35.49
35.77
36.19
36.47
36.68
36.68
40.39
41.23
41.44
41.79
42.49
42.77
43.75
44.1
44.1
44.52
45.36
45.85
46.27
46.34
47.67
48.23
53.41
54.88
55.37
57.05
57.4
57.61
60.13
60.97
61.11
61.53
65.52
67.06
67.41
68.74
y
49.4
49.6
48.95
42.55
40.95
33.65
29.95
28.4
21.9
21.3
19.75
11.55
10
6.2
2.85
0.15
47.25
39.05
36.95
36.5
33.75
31.8
28.15
23.5
14.2
13.3
11.45
11.25
10.2
6.75
0.2
49.85
46.5
37.9
37.65
36.95
34.8
34.55
32.25
32.05
18
11.3
10.6
2.85
1.7
0.5
44.5
43.5
42.6
42.15
40.8
40.55
40.35
35.1
32.5
27.4
27.3
14.85
13.3
6.6
0.4
39.05
34.35
33.5
32.45
28.75
27.75
24.7
23.55
18.5
18.05
13.45
8.2
7.6
4.15
2.6
20.1
end