Layer
20
H
20
Ux
70
Uy
50
n
402
m
1902
x
0.35
0.49
0.56
0.56
0.77
1.05
1.4
1.82
2.45
2.73
2.73
3.08
3.71
3.92
3.92
3.92
4.55
5.11
5.18
5.32
5.53
5.6
5.74
6.23
6.44
6.58
6.86
6.93
7.14
7.77
7.77
7.77
7.84
7.84
7.91
8.05
8.19
8.61
8.82
8.89
8.96
9.1
9.17
9.17
9.87
10.08
10.29
10.36
10.36
10.78
10.85
10.92
11.06
11.13
11.27
11.34
11.55
12.6
13.37
13.44
13.51
13.58
13.72
13.79
14
14.21
14.28
14.28
14.49
15.12
15.26
15.33
15.47
15.61
15.68
15.96
16.1
16.24
16.31
16.66
16.87
17.08
17.08
17.22
17.5
17.57
17.57
17.71
17.78
17.78
18.27
18.27
18.34
18.41
18.55
18.83
18.9
18.97
18.97
19.32
19.46
19.46
19.81
19.88
20.37
20.44
20.58
20.65
20.65
21
21.28
21.28
21.35
21.63
21.7
21.98
22.19
22.19
22.26
22.47
22.75
22.89
23.03
23.17
23.31
23.45
23.52
23.59
23.8
23.8
23.87
23.94
24.08
24.29
24.36
24.57
24.64
24.78
24.78
24.78
25.13
25.55
25.55
26.04
26.53
26.6
26.67
26.74
26.88
27.02
27.23
27.23
27.37
27.51
27.58
27.58
27.86
27.93
27.93
28
28.14
28.21
28.28
28.63
28.84
28.98
29.19
29.19
29.33
29.82
29.96
30.17
30.38
30.38
30.59
30.94
31.08
31.36
31.43
31.99
32.27
32.34
32.48
32.62
32.62
32.97
33.32
33.46
33.6
33.95
34.16
34.23
34.3
34.51
34.93
35.35
35.42
36.05
36.19
36.26
36.33
36.47
36.47
36.75
36.89
37.1
37.24
37.31
37.38
37.38
37.52
37.59
37.59
37.8
38.15
38.5
38.57
38.64
38.85
38.85
39.06
39.2
39.27
39.62
39.69
39.76
39.76
40.25
40.46
40.46
41.16
41.3
41.37
41.44
41.58
41.65
42.35
42.42
42.49
42.49
42.77
42.84
42.91
42.98
43.05
43.12
43.26
43.33
43.4
43.47
43.47
43.68
43.75
43.89
43.96
44.03
44.38
44.59
44.66
45.15
45.5
45.57
45.57
45.92
46.13
46.27
46.48
46.97
47.04
47.18
47.25
47.32
47.39
47.74
47.74
47.81
47.81
47.88
47.88
48.02
48.02
48.02
48.09
48.37
48.37
48.44
48.58
48.65
48.65
48.72
49
49.21
49.63
50.4
50.47
50.82
51.52
52.01
52.01
52.22
52.5
52.5
52.71
52.99
52.99
53.2
53.48
53.76
54.11
54.11
54.25
54.32
54.32
54.67
54.81
54.88
54.95
55.09
55.16
55.44
55.51
55.58
55.72
55.93
55.93
56.21
56.42
56.49
56.63
56.63
57.19
57.26
57.54
57.61
57.68
57.75
57.96
58.24
58.66
58.73
58.94
58.94
59.64
59.78
59.78
59.85
60.2
60.27
60.34
60.83
61.46
61.81
62.23
62.23
62.3
62.51
62.51
62.65
62.72
62.79
62.79
63.21
63.56
63.91
64.19
64.26
64.33
64.4
64.54
64.68
64.75
64.75
65.17
65.24
65.45
65.52
65.87
65.94
66.08
66.15
66.22
66.29
66.43
66.57
66.78
66.92
67.13
67.2
67.55
67.62
67.9
68.53
68.53
68.6
68.81
69.02
69.02
69.16
69.16
69.23
69.3
69.37
y
41.85
49.5
44.55
42.3
34.2
30.3
26.5
26.3
26.25
25.75
25.55
20.75
19.2
18.25
16.65
13.45
9.2
4.5
2.15
1.7
1.65
44.35
39.75
39
37.3
27.85
25.65
22.95
17.45
16.6
16.2
15.35
15.2
13.3
12.65
12.25
12.2
11.8
10.4
8.85
8
47.5
46.25
43.05
38.85
37.45
35.35
33.85
33.6
27.2
26.55
26.5
25
24.9
23.15
22.85
22.1
19.85
17.4
5.9
1.75
48.35
44.7
42.55
31.6
30.55
29.45
29.1
28.95
27.7
27.25
23.5
22
17.85
11.05
11
10.45
6.7
6.4
5.15
4.4
48.8
48.4
44.7
40.9
37.15
37
36.2
34.9
30.65
28.5
25.7
24.1
23.3
22
20.65
19.25
16.95
14.45
12.3
9.95
46.8
46.75
45.8
36.15
34.9
33.05
29.85
26.05
25.2
23.6
22.5
19.3
18.1
14.3
6.5
4.9
4
3.35
2.85
0.1
47.8
47.2
43.1
40.3
39.25
38.85
38.55
36.55
28.4
27.9
24.9
24.1
20.9
19.9
19.9
19.55
17.2
15.35
5.25
1.35
46.15
45.1
43.65
39.4
37.8
37.55
36.45
35.45
32.85
31.05
29.05
19.95
19
15.05
13.4
13.15
10.75
3.75
3.1
0.4
31.15
26.95
26.7
21.1
20.05
18.05
17.95
17.05
15.7
15.5
15.5
10.85
9.3
5.95
5.85
5.35
4.05
3.4
1
0.05
45.2
42.15
41.8
40.25
40.1
32.2
30.5
29.8
27.85
26.75
24.55
21.3
18.8
18.55
10.85
10.55
10.05
9.15
5.7
4.15
46.6
45.25
38.7
36.25
34.5
27.35
26.45
25.35
24.95
24.4
23.3
21.85
20.45
16.6
16.5
11.05
5.9
2.85
2
1.75
45.8
45.5
41.9
39.45
36.45
36.15
33
30.9
29.3
28.15
28.05
25.4
19.65
17.85
14.35
8.75
8.4
7.05
0.95
0.5
49.35
48.8
45.1
43.95
40.5
36.5
35.75
32
30.15
24.25
22.95
22.4
19.05
16.8
16
10.05
6.45
1.75
1.6
0.55
47.65
47.35
47.25
46.75
42.55
41.85
39.2
38.45
37.05
26.25
25.75
24.45
18.55
13.95
12.65
9.65
5.8
3.25
2.5
0.05
47.8
47.6
37.85
36.4
35.85
32.85
31.4
28.65
25.95
25.7
25.55
22.2
21.5
20
12.1
9.45
9.1
8.45
7.8
6.2
49.6
49.55
43.05
42.55
37.95
36.65
36.4
32
30.5
24.55
19
18
15.2
13.8
13.15
11.65
8.6
7.15
5.9
1
44.7
43.75
40.8
40.55
39.1
36.5
31.9
31.8
27.8
25.4
22.55
20.65
18.95
17.75
15.2
11.2
11
10.75
8.55
6
47.75
43
39.8
39.75
38.9
38.35
38.05
37.5
34.15
28.2
26.4
20.65
17.5
15.4
13.15
10.75
10
7.65
2.45
0.1
45.4
44.65
40.85
40.4
39.85
28.8
27.25
24.2
22.7
22.3
21.55
18.9
18
16.9
8.45
7.6
5.7
3.15
1.35
0.5
47.25
46.55
42.55
37.9
37.6
36.75
36.35
34.7
34.4
32.25
28.25
24.9
20.8
18.85
14.85
9.3
7.85
5.5
2.9
0.25
41.7
end