Layer
5
H
15
Ux
70
Uy
50
n
77
m
342
x
4.06
4.9
4.97
7
9.87
11.83
13.37
14
14.42
14.56
16.1
17.22
17.64
18.34
20.02
22.05
24.85
25.27
25.97
26.11
26.32
26.46
27.09
27.58
27.86
28.7
29.47
30.45
31.64
31.71
33.53
35.77
35.91
36.54
38.08
38.15
38.43
40.67
41.44
41.51
42.49
42.7
42.84
44.1
44.87
46.9
47.32
50.26
51.31
51.87
52.29
53.76
53.9
53.97
55.02
55.3
56.7
56.98
57.47
58.24
59.43
60.55
60.76
61.67
62.09
62.72
63.07
63.28
66.36
66.36
66.92
68.11
68.6
68.67
69.09
69.3
69.65
y
28.7
47.9
45.6
42.85
37.9
32.75
25.55
22.5
15.45
14.5
10.8
9.75
8.2
6.85
5.05
4.65
44.2
41.05
38.25
31.9
30
24.25
22.9
22.65
21.45
20.8
19
14.55
5.75
4.5
2.1
49.7
48.95
47.85
47.3
40.45
39.15
39.05
34.55
29
26.25
18.65
17.9
13.9
11.4
5.25
48.8
46.1
43.45
43.35
41.5
40.1
40.1
37.3
34.85
26.2
23.4
17.95
14.5
10.55
8.75
47.4
46.6
42.65
42.35
40.3
37.8
33.6
31.65
30.25
22.5
16.4
9.75
8.05
6.9
4.65
40.2
end