Layer
20
H
15
Ux
70
Uy
50
n
302
m
1407
x
0
0
0
0
0.14
0.42
0.49
0.63
1.54
1.82
1.82
1.89
1.89
2.59
2.8
2.94
3.08
3.08
3.36
3.85
3.92
4.06
4.06
4.2
4.2
4.34
4.41
5.11
5.18
5.25
5.32
5.53
5.53
5.67
5.74
5.95
6.02
6.16
6.44
6.65
6.86
7.14
7.42
7.77
8.12
8.33
8.4
8.68
8.82
9.17
9.45
9.45
9.52
9.52
9.8
9.8
10.22
10.29
10.29
10.57
10.57
11.41
11.62
11.62
12.11
13.3
13.37
13.72
14.28
14.91
15.12
15.19
15.4
15.54
15.68
15.89
16.59
16.94
17.08
17.29
17.78
18.48
18.9
18.9
19.11
19.18
19.32
19.67
19.88
19.95
20.09
20.23
20.23
20.58
20.86
20.93
20.93
21.07
21.07
21.56
21.7
21.77
22.26
22.4
22.96
23.1
23.24
23.38
23.59
23.87
24.01
24.29
24.43
24.85
24.99
25.06
25.34
25.48
25.48
25.83
26.32
26.32
26.39
26.6
27.09
27.37
27.37
27.44
27.58
27.58
27.79
28.42
28.49
28.77
28.84
28.84
29.05
29.19
29.26
29.4
29.54
29.68
29.89
30.03
30.24
30.59
30.87
30.87
30.87
31.22
31.36
31.5
31.85
32.2
32.27
32.27
32.55
33.53
33.6
33.81
34.16
34.23
34.79
34.79
35.14
35.63
35.98
36.05
36.19
36.4
37.1
37.59
37.87
38.29
38.85
39.06
39.34
39.55
39.83
39.9
40.32
40.6
40.67
40.95
41.02
41.58
41.72
41.79
42
42.42
42.56
42.7
42.91
43.05
43.12
43.19
43.19
43.61
44.1
44.24
44.31
44.45
44.59
44.8
45.22
45.22
45.36
46.13
46.2
46.2
46.27
46.62
46.69
46.9
47.04
47.32
47.81
47.88
48.09
48.51
48.58
48.72
48.86
49
49.07
49.7
49.98
50.47
50.54
51.38
51.66
52.08
52.29
52.36
52.64
52.71
53.83
54.18
54.39
54.53
54.6
54.67
54.74
54.74
54.81
54.81
55.23
55.37
56.42
57.26
57.4
57.68
58.1
58.73
58.87
59.01
59.15
59.57
59.57
59.57
59.78
60.13
60.13
60.27
60.27
60.69
61.18
61.25
61.25
61.39
61.53
61.74
62.02
62.16
62.3
62.3
62.37
62.65
62.65
62.86
63
64.82
64.96
65.1
65.94
66.15
66.15
66.36
66.36
66.5
66.64
67.27
67.34
67.76
68.6
68.67
68.81
69.02
69.44
69.58
69.65
69.93
y
7.1
45.85
44.7
41.9
41.8
40.15
33.15
24.1
23.45
19.75
10.55
10.15
9.2
7.5
4.85
4.35
46.05
36.4
34.25
33.65
31.25
24.35
24.05
22.15
16.2
15.65
13.65
13.15
8.4
7.45
3.1
49.5
47.75
44.15
43.25
41
36.1
34.3
30.25
23.6
22.9
19.5
17.15
12.55
4.4
1.9
43.3
39.55
39.15
34.75
30
25
24.65
23.45
23
18.25
18.05
16.85
16.3
16.2
0.85
47.4
43.1
37.65
37.65
32.1
25.4
22
21.25
19.75
13.45
9.25
8.1
6.15
5.75
4
45.9
40.3
37.7
35.5
32.25
31.7
22.3
19.25
18.2
14.25
14.25
11.85
8.35
3.35
2.25
46.3
45.65
43.4
41.4
27.25
26.9
23.9
23.85
19.85
19.2
16.65
16.5
6.9
6.25
0.8
49.35
41.35
38.55
34.8
32.9
31.85
31.85
25.2
23.75
20.15
19.3
13.55
6.95
1.9
0.85
48.25
44
41.3
37.7
29.65
26.65
26.6
20.7
18.35
15.35
15.2
13.4
10.8
7.7
4.85
45.5
43.9
39.8
39
35.35
34
30.8
24.1
23.45
16.75
9.85
8.4
6.15
6
0.8
45.3
42.6
41.05
39.25
35.5
33.25
30.45
27
19.8
19.45
17.85
15.9
14
12.9
1.8
48.95
35.4
32.5
32.2
21.9
21.4
18.35
16.05
15.3
13.75
11.5
4.45
3
2.95
0.05
48.3
47.6
47.2
43.8
35.3
35.2
30
28.25
25.05
22.45
22.15
19.4
9.35
6.15
6.1
49.75
49.45
39.15
37.7
36.85
33.85
31.35
27.35
25.25
25.2
20.7
18.9
17.95
14.05
9.3
48.7
43.1
42.8
42.7
41.5
36
34.9
30.15
29.65
29.15
22.15
12.6
10.4
6.45
2.95
48.3
46.65
40.95
39.85
39.2
38.35
38.3
32.25
30.35
17.1
14.1
8.85
5.9
2.5
2.15
43.4
43.3
38.7
36.55
32.4
22.6
21.55
19.8
13.95
8.25
7.05
6.45
5.75
5.2
0.55
44.6
38.1
36.55
30.8
30.15
25.45
24.1
23
20.1
14.05
10.9
8.7
3.8
3.1
1.95
46
39.15
34.7
27.2
25.95
25.15
24.75
23.55
22.8
21.5
17.65
13.85
10.1
9.9
2
45.65
44.75
42.05
40.15
35.95
27.95
23.85
21.35
21.3
17.3
11.4
9.45
5.35
4.65
0.95
18.4
end