Layer
20
H
5
Ux
70
Uy
50
n
102
m
417
x
0
0.42
1.12
1.4
1.68
1.75
1.75
1.82
2.8
4.48
4.69
7.35
7.49
9.17
9.87
10.01
10.08
11.2
11.41
14
14
15.33
15.47
15.89
16.45
17.57
18.2
18.34
18.97
19.25
19.95
21.21
22.61
24.36
24.36
24.43
24.71
25.83
26.18
26.67
27.37
29.26
29.96
30.24
30.24
30.66
32.06
32.9
34.02
35
35.63
35.63
36.05
36.33
36.33
37.87
38.29
38.64
40.32
42
42.07
42.35
42.7
43.19
43.4
45.78
45.99
47.74
48.3
49.63
49.84
51.45
51.52
52.43
53.2
53.48
55.3
55.79
56.35
57.33
57.47
57.47
58.03
58.1
58.31
58.59
59.15
61.6
61.6
61.74
63.21
63.35
63.77
63.98
64.12
64.96
66.85
67.41
67.48
69.44
69.51
69.93
y
46.55
38.3
21.65
17.4
13.15
12.65
34
25.7
25.05
19.25
0.1
43.85
33.4
21.45
20.15
2.75
43.55
40.35
36.6
31.05
14.35
49.75
49.05
44.1
28.7
8.9
45.7
30.5
29.3
16.3
5.9
46.45
34.5
17.25
8.35
4.75
40.15
37.7
34.35
23
3.2
31.2
30.95
8.55
5.25
5.1
46.4
43.55
37.45
35.4
2.4
45.75
36.3
27.9
13.2
5.9
32.9
19.35
14.25
13.2
10.75
41.85
38.7
35.8
12.6
9.9
45
39.75
24.2
10.4
8.7
47.05
41.3
34.15
30.4
17.8
43.25
32.85
32.6
31.4
21.65
41.55
31.4
30.75
20.8
3.15
34.55
34.1
30
10.95
2.75
44.55
30.05
17.6
16.8
6.15
45.8
35.55
33.95
27.8
23.15
28.75
end