Layer
20
H
15
Ux
70
Uy
50
n
302
m
1407
x
0.14
0.49
0.77
1.47
1.61
2.24
2.31
2.31
2.45
2.59
3.01
3.15
3.36
3.5
3.5
3.71
3.99
4.48
4.55
5.81
6.16
6.16
6.23
6.44
6.44
6.44
6.58
6.65
7.49
7.63
7.84
7.91
8.82
8.96
9.03
9.17
9.45
9.73
9.8
9.87
9.87
9.87
10.22
10.36
10.64
10.99
11.34
11.34
11.62
11.76
11.76
12.46
13.02
13.02
13.16
13.3
13.3
13.86
13.93
14.07
14.42
14.63
14.84
14.84
14.91
15.61
16.24
16.73
16.87
16.94
16.94
17.08
17.57
17.57
17.64
17.92
18.34
18.97
19.04
19.32
19.81
20.58
20.72
20.72
20.86
21
21.07
21.7
21.77
21.84
21.98
21.98
22.47
23.45
23.8
23.94
23.94
24.08
24.15
24.22
24.22
24.57
24.64
25.34
25.41
25.76
25.83
25.9
26.18
26.46
26.81
27.65
27.86
27.93
28
28.21
28.63
29.05
29.19
29.19
29.26
29.33
29.47
29.75
29.96
30.59
31.15
31.15
31.36
31.43
31.64
32.55
32.83
32.83
33.04
33.11
33.18
33.18
33.25
33.32
33.32
33.39
33.6
33.67
34.16
34.23
34.44
34.51
35
35
35.14
35.28
35.7
35.84
36.33
36.4
36.68
37.45
37.59
37.73
37.8
37.94
38.01
38.5
38.78
38.85
39.06
39.13
39.2
39.83
39.9
40.04
40.25
40.32
40.95
41.09
41.16
41.86
41.93
42.42
42.56
42.63
42.63
43.19
43.4
43.47
43.61
43.61
43.61
43.61
43.75
43.96
44.03
44.45
45.29
45.43
45.43
45.64
46.2
46.41
46.41
47.11
47.53
47.67
48.23
48.3
48.37
48.44
48.51
48.93
49.35
49.35
49.42
49.49
49.63
49.91
50.33
50.61
50.68
50.75
50.96
51.03
51.31
51.31
51.59
51.59
52.01
52.22
52.43
52.71
52.99
53.48
54.11
54.32
54.95
55.58
55.72
55.79
55.79
55.86
55.86
56
56.42
56.77
56.84
56.91
56.98
57.12
57.26
57.33
58.73
58.8
59.22
59.5
59.92
59.99
59.99
60.2
60.48
60.69
60.83
61.46
61.67
61.74
62.16
62.3
62.3
62.3
62.72
62.79
62.93
63.07
63.63
63.7
63.91
64.05
64.05
64.26
64.26
64.61
64.61
64.75
64.82
64.89
65.03
65.59
65.66
65.87
65.87
66.01
66.15
66.57
66.99
67.34
68.25
68.46
68.81
68.95
68.95
69.58
69.65
69.79
y
43.65
47.65
41.8
34.7
34.45
31.65
28
25.35
23.9
22.5
20.65
18.45
13.4
11.4
10.85
9.45
49.5
43.65
42.85
36.95
33.5
32.9
29.35
28.35
26.2
23.6
22.9
21.6
14.3
12.95
8.9
49.85
42
41.6
32.45
29.8
29.25
29.25
29.2
26.9
23.85
10.7
7.95
3.95
3.55
2.25
43
42.55
41.8
31.5
31.35
28.3
20.65
20.15
19.3
18.45
16.2
13.45
9.75
7.65
2.95
46.35
37.6
33
31.55
30.25
26.25
20.85
19.5
13.6
12.05
8.2
7.5
2.9
2.15
1.15
45.85
43.65
40.45
37.35
36.2
34.75
32.95
31.35
30.85
27.65
24.25
22.05
8
7.45
4.5
49.25
48.95
42.5
38.15
33.4
30.35
26.1
24.65
20.45
17.05
16.75
14.4
14
6.85
3.45
46.25
41.45
40.7
38.55
36
35.9
35.65
26.4
22.55
21.65
21.6
19.25
13.85
6.9
5
49.05
48.2
46.1
43.75
42.65
34.75
26.3
24.45
19.5
18.85
18.15
17.3
12.7
11.05
7.65
45.8
43.95
38.55
29.8
25.5
25.35
24.3
24.05
18.65
17.35
16
15.65
11.35
5.45
3.35
49.9
47.75
41.85
36.25
34.25
30.55
22.7
19.8
18.2
10.5
9.4
9.1
3.45
2.85
1.35
36.6
29.65
24.6
23.5
22.6
22.5
20.8
18.85
12.25
12.2
10.05
6.65
4.05
2.65
2.3
48.1
41.65
38.9
38.85
37.2
35.95
25.9
23.05
20.95
18.05
16.9
15.65
14.85
12.15
0.35
47.95
44.6
44.25
42.4
42.05
40.1
37.5
36.4
32.15
30.95
24.7
23.65
18.3
12.75
5.5
49.55
49
45.6
45.15
33.15
32.85
28.3
23.95
18.55
16.9
14.6
8.45
4.45
3
1.15
46.9
39.85
38.55
34.85
34.2
31.55
29.2
24.25
21.05
19.6
16.45
13.55
12.05
11.5
6
49.45
44.9
44.7
43.5
40.55
30.05
25.9
21.8
21.35
21.1
17.8
14.35
10.55
4.55
2.25
49
47.95
38.35
37.65
37.15
36.35
32
30.2
23.55
15.55
9.45
8.35
4.6
2.25
1.5
37.75
37.15
32.15
29.45
26.8
25.85
22.85
18.45
17.5
16.4
9.35
5.9
4.75
4.75
0.25
48.7
35.5
29.9
26.85
26
14.5
13.15
11.65
11.3
9.45
8.9
8.75
7.9
7.3
1.9
43.85
end