Layer
15
H
5
Ux
70
Uy
50
n
77
m
312
x
0.49
2.1
2.73
3.92
4.76
5.6
5.74
5.81
6.09
6.51
6.51
6.72
7.56
7.91
8.61
9.73
10.08
11.27
11.27
11.34
11.83
13.44
14.07
14.07
14.35
14.49
14.98
15.61
16.45
16.8
19.39
19.46
19.74
19.95
21.14
22.12
23.45
26.04
28.07
28.63
29.75
30.59
30.8
32.83
33.04
33.25
33.95
37.45
38.08
38.36
39.97
40.39
40.53
42.07
42.98
43.54
43.61
45.29
47.04
48.44
49.56
51.03
54.04
54.6
55.3
55.58
56.07
56.98
57.12
57.33
62.09
64.12
64.75
67.41
67.76
68.04
68.39
y
29.3
48.4
47.9
38.05
37.35
30.8
37.45
28.55
28
25.55
23.95
41.1
18.9
15.05
10.1
3.55
46.35
42.65
30.9
24.1
3.45
47.8
43.75
43.5
23.9
21.9
30.45
30.3
4.65
1.2
1
31.65
18.3
17.25
11.6
7.95
48.05
39.05
29.85
22.3
2.2
45.8
37.7
23.6
16.75
4.45
46.3
40.9
32.05
25.6
8.35
42.7
28.8
9.65
6.15
5.4
34.8
16
3.7
3.6
0.9
49.95
47.2
41.55
20.15
19.25
32
27.4
23.05
14.65
7.3
42.75
31.85
18.95
13.05
0.1
13.25
end