Layer
15
H
15
Ux
70
Uy
50
n
227
m
1052
x
0
0.14
0.21
0.28
0.35
0.56
1.05
1.12
1.26
1.89
2.03
2.1
2.17
2.52
2.94
3.22
3.29
3.29
3.36
3.36
3.36
3.64
3.99
3.99
4.69
4.97
5.04
5.18
5.95
6.02
6.23
6.58
7
7.7
8.05
8.19
9.24
10.15
10.22
10.36
10.64
10.64
10.78
10.99
11.48
11.9
12.18
12.46
12.6
12.74
13.44
13.65
14.35
14.84
15.05
15.12
15.33
15.33
15.96
16.17
16.31
16.66
16.87
17.57
17.64
17.99
18.06
18.27
18.34
18.55
19.39
19.88
20.44
20.79
21
21.63
21.84
21.98
22.05
23.1
23.24
23.24
23.45
23.52
23.59
23.66
24.43
24.57
25.34
25.9
26.11
26.18
26.81
26.81
26.81
26.81
26.95
26.95
28.42
28.77
29.26
29.33
29.4
30.03
30.1
30.17
30.59
30.66
31.01
31.01
31.08
31.29
31.29
31.36
31.5
31.71
32.13
32.83
33.88
34.16
34.37
34.79
34.86
34.86
35.07
35.35
35.49
35.56
35.77
36.05
36.12
36.47
36.54
36.68
36.89
37.17
37.66
38.15
38.78
39.13
39.9
41.23
42.21
42.7
42.98
43.19
43.4
43.47
44.17
44.52
45.01
45.15
45.5
45.92
46.2
46.34
46.48
46.69
46.9
47.32
48.51
48.51
48.72
49.14
49.14
49.28
49.49
49.7
49.77
49.98
50.4
50.47
50.54
50.89
51.03
51.52
51.52
51.87
53.2
53.62
53.76
54.11
54.46
54.53
55.23
55.37
55.58
57.05
57.4
57.4
57.4
58.1
58.31
58.38
59.01
59.01
59.15
59.29
59.36
59.43
60.34
60.55
60.69
60.83
61.39
61.6
61.67
61.67
62.93
63.84
64.4
64.54
64.54
65.17
65.38
65.73
65.94
66.64
66.85
67.69
67.97
67.97
68.04
68.32
68.46
68.88
69.37
y
24.6
49.8
48.25
45.4
44.25
43.2
37.05
34.85
33.4
33.05
27.85
22.05
18.3
15.2
15.1
8.85
49.75
47.65
44.1
42
28.9
20.1
18.3
15.25
11.9
11.35
6.95
4.75
2.65
2.25
0.65
43.5
41.6
35
33.2
23.1
22.9
19.25
17.45
13.15
12.75
10.6
7.75
4.5
2.7
1.7
48.5
47.1
43.25
39.4
36.75
35.3
35.3
35.2
31.65
28.5
22.6
16.7
9.2
1.45
0.25
46.95
39.1
34.5
33.65
31.75
31.2
26.8
26.8
26.3
19.05
17.45
12
11
7.65
0.65
48.6
43.9
40.6
39.05
35.75
34.65
33.75
32.4
25.35
22.45
14.35
7.7
7.6
7.25
1.55
42.15
37.35
29.55
28.3
26.15
24.9
21.4
17.55
15.55
14.05
13.6
11.1
6.95
5.2
0.7
46.9
43.65
32.75
32.3
27.95
27.4
22.55
18.9
16.2
11.15
8.1
6.55
6.4
2.6
0.9
42.9
41.55
39.9
38.3
37.6
35.2
31.95
26.35
25.05
24.55
24.1
16.05
15.5
8.55
1.9
48.9
48.9
47.15
44.15
43.55
43.55
36.7
35
31.6
31.55
29.3
24.35
23.85
19.4
11.1
49.35
45.55
41.3
41
40.35
36.6
25.5
21.9
16.75
16.7
14.25
13.55
13.35
4.5
4.1
49.7
49.65
46.8
41.8
34.05
31.25
27.7
21.7
17.85
16.3
13.75
8.85
8.45
7.5
3.35
48.4
47.55
46.8
42.45
39.75
36.05
34.8
22.5
18
16.45
14.95
14.9
5.15
3.9
2.1
48.95
48.8
43.45
39.2
31.95
29.75
26.55
22.7
18.7
16.25
12.9
10.65
9
5.45
0.8
48.6
46.95
43.55
42.55
40.75
33.7
27.1
25.5
22.5
20.1
16.85
13.9
10.6
4.1
2.4
29.05
end