Layer
20
H
5
Ux
70
Uy
50
n
102
m
417
x
0.07
0.63
0.63
0.91
2.87
4.06
4.9
6.65
7.7
8.12
8.4
8.47
9.38
10.36
10.78
10.99
11.69
11.83
13.44
13.72
14.84
14.91
16.24
17.64
17.78
18.83
19.95
20.16
20.65
21.42
21.7
24.22
24.43
24.99
26.39
29.19
29.54
30.1
30.24
32.13
32.76
32.97
33.46
34.3
34.58
35.21
35.21
35.49
35.84
36.4
36.47
37.17
37.17
38.5
38.57
38.64
38.71
39.13
40.74
44.03
44.24
44.94
45.36
45.43
45.92
45.99
46.9
47.67
47.74
49.07
49.42
49.7
49.77
49.91
49.91
53.13
54.25
54.74
55.09
55.79
56.07
56.35
56.7
56.77
56.91
57.33
58.73
59.85
60.2
60.2
60.62
60.69
60.69
61.39
62.16
64.19
64.61
64.89
66.92
67.55
67.83
68.46
y
46.35
42.2
29.65
21.8
9.45
6.95
39.4
34.6
29.7
26.8
23.6
41.3
40.95
28.7
9.55
9.3
45.95
45.05
37.55
26
23
37.85
14.15
11.8
10.65
2.7
35.2
33.2
17.2
4
2.9
45.1
36.55
20.5
8.7
4.1
44.6
44.55
24.95
24.6
3.35
27.15
17.45
12.2
5.55
1.1
38.9
38.25
26.8
3.3
0.3
32.45
21.9
19.3
4.05
1.2
37.45
36.75
25.7
20.95
5.85
47.5
46.85
40.2
37.25
15.3
27.3
24.9
24.55
18.1
4.9
43.3
38.45
8.55
3
0.65
44.7
25.9
23.4
20.45
20.2
44.6
33.4
23.1
19.15
10
42.55
38.65
33.85
31.25
1.3
44.15
42.8
42.8
17.5
0.95
48.5
40.05
39
23
20.55
40.1
end