Layer
15
H
20
Ux
70
Uy
50
n
302
m
1422
x
0.14
0.28
0.42
0.84
1.26
1.33
1.33
1.54
1.68
1.68
1.75
1.82
2.17
2.73
3.15
3.36
3.5
4.34
4.41
4.55
4.69
4.83
4.97
5.11
5.25
5.39
5.88
6.23
6.37
6.37
7
7.42
7.49
7.56
7.7
7.84
8.54
8.61
8.61
8.68
8.96
9.1
9.59
9.66
9.8
10.22
10.57
10.64
10.92
11.06
11.2
12.25
12.53
12.95
13.3
13.37
13.79
13.86
13.86
13.93
14.21
14.28
15.33
15.47
16.24
16.45
17.22
17.29
17.36
17.43
18.13
18.27
18.41
19.04
19.18
19.25
19.32
19.53
19.6
20.51
20.93
21
21.21
21.42
21.56
23.1
23.94
24.29
24.43
24.5
24.57
24.64
24.85
24.92
24.99
25.69
25.83
26.04
26.18
26.18
26.6
27.23
27.72
28.14
28.21
28.28
28.7
28.84
29.68
29.96
29.96
30.1
30.17
30.24
30.66
30.73
30.8
31.01
31.71
31.99
32.27
32.34
32.34
32.48
32.97
33.25
33.32
33.74
33.81
33.88
33.88
34.09
34.16
34.44
34.58
35.63
35.63
35.63
35.77
36.54
36.68
36.68
36.82
37.03
37.17
37.24
37.24
37.38
37.45
37.94
38.01
38.36
38.57
38.78
39.48
39.48
40.04
40.25
40.32
40.6
40.67
40.95
41.3
41.44
41.65
41.86
41.86
41.93
42.07
42.14
43.12
43.19
43.19
43.26
43.33
43.4
43.89
44.24
44.24
44.45
44.59
45.08
45.36
45.64
45.78
45.85
45.92
46.2
46.27
46.76
46.9
46.9
47.04
47.04
47.18
47.6
47.81
48.02
48.09
48.16
48.37
48.51
48.58
48.72
49.28
49.7
49.84
50.19
50.26
50.4
50.47
50.54
50.54
50.54
50.61
51.52
51.52
51.66
52.15
52.29
52.43
52.5
52.57
52.64
53.41
53.48
54.11
54.25
54.53
54.74
55.09
55.16
55.23
55.72
55.79
55.86
56.35
56.56
56.56
56.63
57.05
57.26
57.26
58.17
58.52
58.66
58.8
59.01
59.36
59.99
60.06
60.13
60.48
60.48
60.62
60.83
60.97
61.81
62.16
62.58
62.72
62.79
62.79
62.93
63.35
63.91
64.12
64.75
64.89
65.17
65.38
65.45
65.45
65.52
65.52
66.01
66.08
66.22
66.22
66.43
66.57
66.57
66.64
66.92
67.55
67.9
68.18
68.39
68.53
68.88
69.02
69.02
69.3
69.3
69.51
69.58
69.65
69.72
69.86
69.93
69.93
69.93
y
24.25
45.65
44.65
42.75
40.65
38.35
36.85
33.25
23.15
21.3
21
20.25
19.3
17.5
15.6
10.75
9.45
5.25
3.55
1.9
0.2
49.45
44
39.25
37.4
37.15
35.9
35.6
31.75
29.5
29.1
28.4
27.75
18.3
17.9
17.35
15.8
15.45
12.55
9.55
1.1
48.9
48.7
46.65
45.45
43.5
40.4
39.05
29.2
29
26.95
24.35
21.5
16
13.95
12.95
8.7
8.25
7.8
3
2.5
46.05
40.4
40.25
39.8
37.1
34.25
32
31.7
29.85
29.5
25.05
24.05
23.2
23.05
19.8
18.15
17.75
11.95
10.45
8.1
49.8
46.2
46.1
41.45
40.4
40.3
36.85
32.05
30.15
29.05
28.65
23.6
23
21.7
14
12.85
8.05
2.95
2.1
1.2
49.2
48.4
41.35
38.35
37.5
35.2
33.7
33.1
28.15
27.45
22.05
20.1
19.65
16.6
16.1
13.35
11.85
9.1
6.95
5.35
49.65
47.9
45.35
45.1
44.45
38
37.35
33.3
31.95
29.8
28.35
25.6
18.8
17.95
17.85
12.6
12.05
10
8.1
2.4
49.7
46.2
45.45
38.35
36.7
34.1
33.05
32.9
30
29.55
27.95
22.3
20.15
16.7
6.85
6.8
5.9
3.85
2.5
2.45
44.2
43.95
43.7
37.1
34.75
29.35
29.2
27.75
27.1
22.35
21.9
18.9
15.15
15.05
10.6
9.55
8.45
4
1.8
1.5
49.15
47.05
43.25
41.25
39.7
37.15
36.6
33.85
29.8
29.6
27.9
27.2
26.25
17
12.6
12.15
9.85
9.25
8.9
6.75
49.2
47.8
45.05
34.8
32.4
32.05
29
28.5
25.75
25.25
22.35
19.95
18.9
17.45
14.85
6.7
4.2
3.1
1.8
1.2
46.5
46.1
45.95
43.55
42.35
41.7
38.45
32.2
28.6
25.9
21.8
12.65
12.35
11.55
10.35
9.55
8.45
7.95
5.15
2
38.6
33.25
30.8
28.45
27.85
27.35
22.1
21.95
21.85
19.1
18.7
16
15.2
12.05
11.45
11
8.15
4.05
1.9
0.6
49.3
45.85
43.5
42.4
42.25
41.3
37.8
34.85
30.2
30.1
24.85
24.7
24.4
23.85
20.55
14.55
10.8
8.5
1.55
1
48.05
47.2
47.05
42.55
39.45
39.35
38
31.85
30.95
30.85
28.05
27.4
22.8
21.2
19.75
19.1
19
17.05
6.5
3.35
15.95
end