Layer
15
H
20
Ux
70
Uy
50
n
302
m
1422
x
0.77
1.26
1.4
1.89
2.03
2.31
2.38
2.38
2.73
3.08
3.36
3.43
3.71
4.06
4.34
4.34
4.41
4.76
5.25
5.32
5.39
5.39
5.46
5.67
5.81
6.16
6.3
6.44
7.14
7.35
7.42
7.7
8.26
8.26
8.26
8.96
9.03
9.03
9.38
9.45
9.73
9.8
9.87
9.87
10.22
10.43
10.78
10.85
10.92
10.92
11.2
11.34
11.41
12.32
12.32
12.74
13.16
13.3
13.3
13.37
13.51
13.93
14.07
14.28
14.49
14.56
14.84
14.91
15.19
15.33
15.54
15.61
15.75
15.96
15.96
16.1
16.1
16.31
16.45
16.66
16.73
16.94
17.15
18.06
18.48
18.55
18.69
18.83
18.83
18.9
18.9
19.32
19.39
19.6
19.6
19.67
19.74
20.16
20.23
20.51
20.51
20.58
20.58
20.65
20.65
21.14
21.21
21.42
21.49
22.12
22.47
22.89
22.96
23.03
23.03
23.24
23.38
23.59
23.59
23.59
23.94
23.94
24.22
24.43
24.57
24.64
25.27
25.48
25.48
25.55
25.76
25.76
26.11
26.25
26.32
26.88
26.95
27.16
27.23
27.72
28
28.14
28.49
29.19
29.4
30.24
30.73
30.73
31.08
31.15
31.36
31.78
32.27
32.9
32.97
32.97
33.11
33.25
33.39
33.67
33.81
33.88
34.09
34.16
34.3
34.58
34.72
34.86
34.86
35.07
35.14
35.21
35.28
35.84
36.05
36.05
36.19
37.17
37.24
37.52
37.52
37.52
38.08
38.15
38.22
38.36
38.64
38.85
39.2
39.34
39.41
39.9
40.32
41.79
42.07
42.35
42.77
43.54
43.89
45.5
45.92
45.92
45.92
46.06
46.41
46.9
47.04
47.6
47.95
47.95
48.09
48.37
48.65
49.21
49.28
49.42
49.7
49.7
50.12
50.19
50.19
50.4
50.54
50.82
51.03
51.1
51.1
51.24
51.31
51.45
51.59
52.29
52.57
53.06
53.76
53.97
54.04
54.04
54.32
54.88
55.02
55.23
55.79
56.21
56.42
56.7
56.98
57.26
57.54
57.68
57.89
57.89
57.89
57.89
58.1
58.31
58.31
58.52
58.66
59.01
59.08
59.15
59.36
59.71
59.78
59.92
60.41
60.55
60.69
60.97
61.39
61.67
61.67
61.88
62.16
62.51
63.14
63.21
63.56
63.7
63.91
64.19
64.26
64.61
64.75
64.89
65.03
65.03
65.1
65.1
65.73
66.85
67.34
67.62
67.69
68.32
68.67
68.74
68.95
69.02
69.37
69.79
y
9.4
46.3
45.15
39.25
36.55
32.55
31.2
29.55
28.7
28.25
27.25
26.55
25.65
22.85
20.6
19.9
18.05
15.3
13.55
11.85
11.6
48.9
46.4
44.95
42.45
41.85
41.25
34.45
33.05
32.4
32.1
30.05
28.85
26.25
24.7
21.45
21.45
19.85
13.6
10.3
5.4
47.85
46.05
44.05
37.75
37.55
36
30.9
29.15
27.4
27.25
22.7
17.85
15.65
14.05
13.5
10.8
10.25
7.35
7.1
6.2
47.55
46.05
43.85
43.05
42.4
37.8
37
29.35
24.95
24.45
20.55
14.7
14.3
14.2
13.55
10.2
9.85
9.65
6.5
3.7
46
44.4
42.4
39.2
37.15
36.5
34.15
33.75
28.8
27.45
27.1
27.05
25.05
23.4
23.05
17.1
14.7
14.1
11.55
11.1
49.5
48.95
47.2
41.35
37.8
34.95
34.25
32.85
26.3
24.55
21.5
19.8
18.4
15.4
11.55
7.05
6.1
4
2.6
0.6
46.35
45
42.1
38.7
36.35
33.4
31.45
27.65
27.5
20.3
18.5
17.65
15.55
15.15
13.4
11.95
10.45
8.9
5.75
4.75
49.55
49.15
42.65
40.1
36.05
35.9
35.8
33.65
32.9
28.15
19.25
18.9
14.85
11.9
10.65
8.75
6.8
1.7
1.15
0.15
49.7
41.8
38.85
34
33.15
30.8
26.95
26.85
19.75
19.05
18.45
17.5
16.3
12.8
12.6
11.95
7.4
6.7
5.3
1.8
49.5
42.55
41.15
39.3
34.5
31
30.6
27.2
24.6
20.7
18.6
16.65
15.75
12.3
11.45
10.8
6.75
6
4.15
1.1
49.8
49.45
42.8
40.85
40.1
40
38.85
38.2
31.4
21.75
21.4
20.65
19.35
19.2
14.4
13.95
10.95
9.6
4.1
2.15
46.55
45.7
43.4
41.85
41.75
41.25
38.65
35.6
35.15
31.8
26
24.75
20.8
15.95
14.8
14
12.15
8.5
6.85
4.15
48.15
47.25
46.5
42.85
38.4
38.05
32.6
32.4
31.1
30.85
30.4
28.4
24
23.1
20.6
17.8
11.65
6.1
4.55
4.35
47.2
46.55
42.8
40
37.75
37
33.8
32.25
31.25
27.95
23.15
19.95
19.95
18.65
17.95
15.5
13.35
6.25
3.3
3.05
48.5
47.4
47.2
45.95
36.8
35.55
35.45
34.95
34.75
30.95
27.3
25.55
24.7
24.3
19.5
14.3
13.7
5.95
3.2
1.15
44.35
end