Layer
5
H
10
Ux
70
Uy
50
n
52
m
222
x
0.63
0.7
2.24
2.24
2.38
4.97
6.58
6.65
9.66
10.15
10.85
11.76
14.21
19.53
19.74
20.72
21.49
23.8
24.43
27.37
29.33
29.96
31.22
31.29
31.78
35.35
38.57
38.85
39.13
39.34
42.77
42.77
43.19
45.57
46.27
49.98
51.17
51.8
52.78
54.46
57.26
59.22
59.78
62.58
62.58
64.47
65.31
65.45
66.36
67.97
68.46
68.67
y
26.5
47.55
41.65
36.6
35.8
32.2
30.85
23.15
13.2
12.85
5.15
45.2
44.65
32.15
31
27.5
23.9
20
9.15
2
1.6
34.85
30.75
28.4
21.15
20.15
17.75
1.9
1.75
1.7
0.9
48.95
45.7
45.35
27.25
18.2
13.4
13.1
9.2
2.85
0.9
42.95
40.1
32.8
15.45
14.4
12.7
11.4
10.5
7
5.7
6.1
end