Layer
20
H
20
Ux
70
Uy
50
n
402
m
1902
x
0.28
0.35
0.35
0.56
0.63
0.7
0.91
0.91
0.91
1.05
1.19
1.33
1.61
1.68
1.75
1.96
2.24
2.94
3.01
3.22
3.29
3.43
3.57
3.64
3.64
3.64
3.71
3.71
3.92
4.34
4.48
4.55
4.55
4.97
5.67
5.95
6.3
6.37
6.37
6.58
6.86
7.42
7.56
7.7
7.84
8.4
8.75
9.45
9.66
9.87
10.15
10.29
10.29
10.71
10.78
10.85
11.2
11.27
11.34
11.34
11.62
11.83
12.39
12.39
12.53
12.67
12.81
12.95
13.02
13.23
13.23
13.86
13.93
13.93
14.42
14.42
14.42
14.49
14.77
14.84
14.84
15.12
15.12
15.4
15.54
15.75
15.82
15.96
16.1
16.24
16.24
16.59
16.66
17.15
17.29
17.64
17.71
17.85
17.92
17.99
18.06
18.48
18.55
18.55
18.62
18.76
18.83
18.9
19.11
19.25
19.32
19.46
19.46
19.74
19.95
19.95
20.02
20.09
20.3
20.37
20.51
20.86
21
21.07
21.21
21.42
21.49
21.77
21.84
21.98
22.12
22.19
22.26
22.54
22.68
23.1
23.45
23.59
23.73
23.87
24.36
24.5
24.57
25.06
25.13
25.34
25.41
25.62
25.62
25.83
25.9
25.9
25.97
26.11
26.67
26.81
26.88
26.95
27.3
27.44
27.93
28
28.21
28.35
28.42
28.84
28.98
29.4
29.61
29.61
29.75
29.82
29.96
30.24
30.45
30.87
31.08
31.22
31.43
31.5
31.57
31.78
31.99
32.06
32.41
32.48
32.62
32.69
32.83
32.9
33.04
33.25
33.39
33.81
33.81
33.95
34.02
34.58
34.58
34.72
34.79
34.86
35.14
35.28
36.19
36.47
36.75
36.89
36.89
37.03
37.03
37.03
37.38
37.52
37.66
38.01
38.22
38.22
38.36
38.5
38.78
38.78
38.99
39.27
39.34
39.55
39.55
39.69
39.69
39.69
39.9
40.04
40.11
40.53
40.74
40.81
40.88
41.16
41.58
41.65
41.72
41.93
41.93
42.21
42.28
42.35
42.49
42.7
42.84
43.19
43.19
43.26
43.26
43.54
43.61
43.68
44.17
44.17
44.38
44.52
44.66
44.66
44.8
45.08
45.22
45.36
45.57
45.64
45.92
46.06
46.13
46.27
46.48
46.83
47.18
47.88
48.65
48.86
48.93
49.07
49.07
49.07
49.07
49.14
49.14
49.28
49.7
49.7
50.4
50.61
51.73
51.8
51.87
51.94
52.15
52.29
52.36
52.36
52.57
52.64
52.85
52.85
52.92
52.99
53.06
53.2
53.2
53.27
53.34
53.48
53.76
54.11
54.18
54.39
54.74
54.81
54.81
54.88
55.02
55.02
55.02
55.16
55.3
55.44
55.44
55.51
55.79
55.79
56
56
56.14
56.14
56.35
56.42
56.77
56.91
57.05
57.12
57.4
57.68
57.75
57.96
57.96
58.31
58.59
58.73
58.73
58.94
59.01
59.15
59.22
59.22
59.22
59.57
59.57
59.64
59.71
59.78
59.85
59.85
60.48
60.48
60.69
60.69
60.9
61.11
61.74
61.95
62.02
62.09
62.16
62.3
62.44
62.51
62.58
62.72
62.72
63.21
63.63
63.77
64.54
64.68
64.68
65.31
65.87
66.01
66.08
66.08
66.57
66.64
66.92
66.92
67.13
67.2
67.34
67.97
68.25
68.25
68.46
68.53
69.3
69.44
y
47.5
47.45
46.2
43.5
42.4
38.8
38.55
38.15
37.8
34.2
33.2
31.1
27.95
19.35
19
16.45
16.1
16
10.1
8.9
7.8
45.05
38.1
36.3
36.2
32.25
32.1
31.25
30.45
29.45
24.5
23.2
22.35
20.9
15.25
12.9
12.5
11.05
4.6
3.15
2.45
49.05
41.25
36.1
34.85
34.6
33.35
32.35
30.4
27.7
27.15
24.9
23.1
22.9
22.6
21.2
20.8
15.9
13.95
13.5
12.45
47.5
46.55
46.15
42.85
38.3
37.5
34.6
34.2
26.45
24.2
22
18.6
17.8
15.3
13.45
9.1
8.05
5.5
3.55
2.75
48.9
46.75
46.35
41.65
41.15
40.25
35.8
33.55
31.55
28.15
27.25
26.4
25.9
20.2
18.05
15.8
13.55
8.15
1.1
1.1
48.95
48.8
48.35
43.75
42.3
41.3
39.7
33.75
29.9
29.15
27.7
27.2
26.1
25.7
24.5
21.85
17.35
12.7
11.95
4.25
47.35
44.05
42.1
38.15
38
36.05
34.95
34.15
33.3
30.75
30.05
23.9
23.05
18.2
17.1
15.85
12
5.25
4.2
0.8
48.05
47.65
43
41.6
40.7
38.2
37.9
36.75
35.7
33.65
32.25
30.75
28.8
25.05
21.6
19.4
16.55
14.2
13.45
5.9
47.7
45.55
41.9
39.9
39.4
36.65
34.35
30.9
30.85
27.4
24.75
24.75
23.85
23.35
13.05
10.3
8.55
6.5
4.55
3.55
48.55
47.8
44.5
44.4
39.3
38.25
37.1
34.55
32.55
29.45
28.25
27.6
27.35
22.95
21.45
13.8
10.55
6.1
5.95
0.6
49.5
46.7
39.7
37.2
37.05
35.1
32.2
32.1
28.95
22.05
21.1
17.85
17.05
15.2
14.25
13.6
7.75
6.75
5.95
4.9
48.75
45.3
44.7
43.45
40.95
40.45
37.9
35.5
34.4
31.6
30.4
28.55
25.8
23.65
21.05
15.95
14.5
12.2
9.3
6.75
44.45
37.75
37.65
34
32.75
32.3
28.85
28
27.25
25.55
16.7
12.5
9.5
8.8
8.65
8.1
7.6
4.9
3.3
1.05
48.25
41.25
33.9
25.55
25
24.85
23.25
22.1
19.9
19.8
19.65
17.05
13.7
13.1
12.8
11.7
6.15
3.2
0.9
0.6
42.35
41.45
40.75
40.1
28.5
24.5
22.1
20.55
12.9
12.8
10.95
9.9
9.35
7.35
7.1
5.95
4.7
2.2
1.1
0.3
49.05
44.25
38.4
33.65
33.25
29.7
26.6
23.5
23.35
19.1
17.9
16.25
15.5
12.25
11.35
11.3
9.4
6
1.2
0.35
47
42.15
41.25
39.55
37.35
36.05
24.75
24.55
24.45
23.2
21.1
20
14.5
10.9
8.95
7.65
7.65
7.25
3.2
2.7
48.7
48.35
47
45.55
39.15
38.4
30.7
29
24.4
21.35
19.55
14.95
10
8.5
7.5
6.95
5.8
3.2
2.2
0.45
49.15
44.55
44
41.9
41.35
41.25
38.95
38.55
34.45
34.1
31
30.2
25.1
23.5
14.3
10.25
9.5
9.05
8.9
0
47.1
46.8
45.6
45.25
44.85
43.9
42.2
41.45
38.5
33.75
33.3
27.7
26.3
21.9
19.35
18.25
16.05
13.8
12.2
2.8
13.25
end