Layer
20
H
10
Ux
70
Uy
50
n
202
m
912
x
0.07
0.63
0.77
1.89
2.38
2.45
2.87
3.15
3.85
4.06
4.2
4.76
5.18
5.25
5.88
6.02
6.93
7.63
7.7
8.12
8.33
8.96
9.52
9.66
10.57
10.71
10.92
12.11
14.07
14.21
14.7
14.84
15.12
15.61
15.68
15.96
16.03
16.1
16.87
17.43
17.57
17.85
18.48
18.62
18.97
19.11
19.95
20.65
20.79
21.14
21.84
21.98
21.98
22.4
22.61
23.52
23.73
23.73
23.8
24.15
24.57
24.78
25.48
25.62
25.76
25.76
26.04
26.18
26.67
27.23
27.37
27.44
27.79
28.14
28.63
28.84
29.12
29.89
30.1
30.31
30.59
30.59
31.29
31.43
32.06
32.41
32.97
33.25
33.32
33.46
34.16
34.3
34.65
35.07
35.21
35.35
35.56
36.26
36.4
36.61
37.1
37.17
38.08
38.36
38.71
38.92
38.99
39.06
39.62
39.9
40.18
40.25
40.32
40.39
41.16
41.37
41.58
41.65
41.86
42
42.35
42.42
42.42
42.7
43.12
43.26
43.75
43.82
43.96
44.1
45.64
45.92
46.06
46.55
46.97
47.18
47.53
47.81
47.88
48.09
48.09
48.16
48.37
48.58
49.7
49.91
50.19
50.26
50.54
50.89
51.17
51.66
51.73
51.73
51.87
51.94
52.29
52.29
52.43
52.85
53.27
53.48
53.83
53.9
53.97
54.18
54.6
55.51
55.51
55.58
55.58
55.79
56.56
56.77
57.47
57.89
58.17
58.24
58.8
58.87
59.01
59.08
59.64
60.62
61.18
61.95
62.58
63.49
64.33
64.4
64.68
65.66
65.87
65.87
66.5
66.85
68.04
68.04
68.25
68.32
68.6
69.44
y
23.15
44.2
41.95
33.35
27.05
23.5
21.4
20.85
19.15
13.3
10.75
47.6
45.35
34.35
33.8
32.6
31.45
29.2
22.15
7.6
0.8
34.95
29.8
28.65
23.45
22.1
21.5
17.85
14.95
11.35
10.75
48.55
36.8
33.05
24.55
23.8
18.7
10.95
8.55
5.55
4.55
40.2
36.5
35.75
35.25
35.05
29.75
27.65
12.05
12.05
10.6
48.2
33.6
29.95
29.65
25.35
23.85
19.3
18.8
16.75
8.4
47.5
40.25
30.95
30.55
27.5
13.85
10.4
9.6
5.4
1.1
46
43.3
38.35
27.9
20.9
17.95
17.5
13.65
10.5
6
44.75
44.75
42.8
32.8
32.05
29.05
24.2
20.6
17.15
11.85
44.3
40.8
36.65
35.35
28.15
23.9
15.75
14.75
7.55
2.6
47.95
46.5
38.85
36.45
36.25
35.75
21.95
17.2
9.5
2.3
46.15
42.25
39.65
33.55
22.1
20.5
14.3
4.6
3.5
0.6
34.75
31.5
26.65
19.45
17
14.8
13.3
12.3
7
3
49.6
44.1
38.85
36.05
35.4
27.8
24.2
20
2.2
0.85
37.7
37.15
35.8
35.45
33.2
21.6
21.3
14.75
13.15
6.15
49.85
48.9
38.6
36.65
35.65
29.2
11.55
9.15
4.4
3.8
41.85
40.7
37.25
36.9
34.05
27.95
24.35
20.3
8.65
6.4
39.25
24
19.55
18.2
12.3
10.6
9.7
6.35
3.5
1.5
48.25
43.55
35.6
34.8
31.05
29.8
29.4
21.2
19.3
17.65
40.5
32.1
27.9
26.8
25.9
20.25
6.6
5.5
1
0.45
42.05
end